2.9808062149417967
2.1541577391897055
49.51334370238742
17.333525869839086
24.05822663856849
39.314963067201035
18.888327773077382
42.6332635300825
39.434995545704396
16.122874354150454
24.784327649497932
6.8061471540168785
43.199441604413366
26.11342218307664
49.63396281503556
18.524161825378222
3.5065186213240445
47.26600041712474
47.33634246297076
17.75932985336728
8.768816615973591
42.75064888848586
2.8453343649485285
21.046888779617657
49.1284708579296
12.503243848128227
40.97368230837774
40.79244299652495
24.003448064712153
22.19461848933063
49.312485828449056
30.91695060103924
26.13937459125562
44.00994224918365
35.760105350285656
46.20579271342538
3.5616483172150635
19.38844153198259
42.55238012878853
5.646467580791498
43.760556279490004
11.06460949445121
5.108175384809453
4.116013452525091
35.88938821614707
49.04636414462185
1.2337738917581222
2.2458976608241863
48.1285727013216
9.551168169525216
19.973650465496213
33.541602595637535
45.624962895930636
7.629120234632112
11.645648920952986
16.360726448422156
1.7476144734551768
16.07943369921092
3.664526988487869
3.773413243774745
33.48085816431815
1.4937594760635475
10.407178227771267
40.97272281978846
49.07868048951748
30.076402965534506
2.0678496655395913
43.14267420845399
4.074805920139771
30.298112950684704
17.665720937997474
23.203025807472223
33.239333610324174
35.173840315865796
29.578506298928424
49.237671912046224
47.1076048658844
8.271601117362962
17.907716415020847
5.238316488022108
44.11725901032813
43.04316437451682
49.36744017628841
30.362088766977607
7.087357740597501
23.726734975385632
39.49595470468545
11.933823292381925
6.265344379792399
27.583366457796124
14.757693790991524
36.36955776038993
25.96207104732094
48.756583961342855
44.26877621109134
13.804937833565484
32.45849321838457
3.8799703637623546
1.9586749644483843
2.776842766958443
4.1472638652727385
8.84574732897157
22.50531867793103
17.44879762867828
14.593457782774506
35.783459413920674
49.583724868033954
38.58394298065156
49.610431208137086
1.5537850989068482
44.9042936045607
25.52176962684252
7.15551982232628
4.339193631502486
7.359092950070008
19.84409423033168
4.2370835326724094
31.123218585527802
33.671190722318315
20.812601531118066
35.400438661091364
23.846956674799184
17.82413276919397
5.81390684957603
42.78444500179841
48.21349439727625
25.028512311271065
28.479466346987106
42.35546422127147
48.160872393516875
41.619464856893835
32.533293205239
24.846786813027297
37.91504615915568
2.740606075623349
45.6830951880691
32.466371894663936
6.644391317726433
