49.06213907701898
2.428007849911083
42.235508307443844
7.142126444005674
17.971020799213587
44.04366095057909
24.599238713607846
46.19820087081808
6.839371447530263
28.48097863256518
25.503497350142652
41.650714045338006
13.127558086944962
11.494658603436273
25.194053880829507
31.175987684835565
13.010547396619682
45.535574649082214
34.874441519140646
25.148260987164313
27.556653818087376
37.08087498520896
2.194842506903502
16.505503808865136
27.012679286427343
35.23221331838765
30.916252464569887
7.801393231344333
34.35659151391441
18.943688294578532
21.713021117934787
47.42583396583256
22.356239936973108
45.83616213045854
48.19755702489666
21.834675166346404
3.9369411842658693
36.84088861882466
17.6646718574241
21.926734125346325
34.462271872562326
46.91975836223302
25.882436364613906
44.44118360671505
40.095946592735515
16.667509685626822
13.080562992616237
38.929157626093506
16.641717116400223
19.90841286923385
10.351716864911134
10.551183542728834
46.56834580350379
31.52046136446303
9.392627956092852
18.447942403732956
38.73169971500193
45.092724514131994
48.01776991088987
48.2482347039606
5.970639851300369
11.574367655542362
12.512300721573293
21.273382834744563
34.46502517359282
44.45406690049198
48.28747384058901
24.324242736281686
8.323586446526853
13.74522768950723
36.59150109874793
15.438372844088331
9.231960240777493
14.598289351543553
12.07522171749005
20.75964432410224
38.96002407934766
11.631565961301098
41.0899600095018
27.68945463173313
13.032293271807493
27.019678460997266
2.622427672686161
42.57510143284217
43.005613068895286
25.586013848473144
24.73063529077222
11.319869349150041
13.931612340642388
37.09806482312333
6.875410621979409
42.17908135031404
15.431182503900356
3.8343597673180594
8.30870537661456
29.1878171627485
8.268476599788528
27.434420153835482
46.29545870362813
39.18793628391425
46.990620920583936
3.935556888863096
36.58493992228756
43.441704711097024
17.249685007050466
22.014273384147963
6.730525964300598
7.411661901170322
12.303156113626057
24.015838727343017
28.485787049442404
34.62967767156037
45.99320645137806
9.461480618541518
18.901729077669707
29.286841405476462
18.18668572889154
18.383367670613072
31.9190637049741
49.26166862460442
12.733368473496997
40.39176516280261
24.892949241020954
47.365627833469105
34.21043208387874
13.582910815814282
19.698829767356397
25.29450134086088
29.523091987150412
31.230294121494765
33.28780723499481
25.494266835250308
17.313672160718536
36.451375663387516
10.703658578986532
16.002046907782834
20.312942074260135
20.944305436366783
7.798311138398519
22.247097582745685
17.81358910158291
3.86251213597153
49.71913619609003
8.163289279238846
45.630352938561444
21.811467367912975
46.55057056392542
2.5921350011028914
33.91191174645021
18.630865595087297
36.98935928731231
17.578725228161456
45.701908825684754
9.942186654597766
23.785913386592537
41.549402571008024
6.172193741047107
4.792097267103537
26.11719014345999
49.24442677406745
33.15554984572433
47.95295143663311
32.01105120222723
32.15017058517624
23.493553863207268
12.845334271870119
40.801449920748524
45.60320744729022
32.92863924387379
11.126846408316883
43.89569567134949
20.826811949529134
17.53953418723317
2.2596952179447616
12.589172594429675
24.226110373281124
16.26590923570768
21.003559230079496
1.7181931082170534
16.96732004622186
29.652476128856836
17.711716753622536
45.76586431390935
14.089574269551346
42.4541217148273
18.40613733402627
12.701872949694696
27.154928659578296
31.985326857279127
33.14104828622028
49.5799597050907
43.59202523266994
23.968195704597434
46.197006678609505
35.7929172943079
33.33333087307079
46.56275154509875
32.817012863873316
24.908876790833723
33.892826035766866
11.691914046031796
30.088957849062073
15.106902492541082
26.907820363258583
30.307527961825844
16.188440577539744
13.253968507698572
38.30120274297501
43.375246940689806
9.011028977334957
1.7936568555528947
2.349188516454584
23.46562654503492
14.82340741822644
27.49436575102187
35.92382108861641
16.08171922826282
6.955581336344556
1.6806952032954992
3.779065819437439
46.948323839329845
6.860798967833084
15.69227534583526
36.193496614631336
35.95871091551039
28.748562240620082
43.58862085545173
24.928332538382303
26.037591083832403
10.211365586754981
26.961207704504204
34.850305977580106
39.36075430648869
20.465596613351888
18.033943212792632
31.21618160133948
6.255231887264662
22.260022806806063
35.63046293271148
42.48680370903327
38.17427025721148
46.35628330805454
45.47803951136281
42.47034069228103
12.265690013405004
25.825224416604048
43.26773040730693
24.622282708885457
24.862831316060102
9.903930106538455
10.38365520173494
34.597047391158675
6.058659369619939
6.541339817782165
19.220306628539024
2.229923984216268
43.046325328292355
34.163812369697844
44.124737073332376
32.275849664636624
9.45028170202103
22.877338153574286
9.07856157332156
10.797376235740224
23.113721330515084
24.520330298654137
6.857753363712455
15.534660320831378
6.226119229967263
22.400444208445716
4.06317214833148
29.561153832356514
21.156811228560194
10.702959230180548
44.86020702270542
22.86027021338723
29.39786243991501
1.2476775427144065
33.20184289836004
12.848506523937473
35.246004976801025
19.833185203745046
13.4174890814221
32.74946586638945
23.6643800634862
25.832783713343566
30.471687924449558
27.180905958951744
27.026818042397664
22.933274324436486
43.36977168274816
35.64910711799337
49.790980851945335
37.98216372886675
21.383120655912364
6.109943163688959
7.159964308920827
37.240763433599625
19.482085486915324
3.0643310389658356
22.77267531668472
16.841577290610424
33.383083477821806
5.18496311719079
24.173200382760218
5.227779978154796
7.4813175081828
48.37815207301102
7.9655699424949775
27.851996850494572
24.162026946971125
22.61922344300182
6.409377293960002
32.26141020138297
14.937050816927394
39.1906564895118
44.91672371347304
9.569994827204148
45.66268941857238
12.763653013016409
37.884247522887925
35.190807335164024
42.570298583542474
38.81123302120572
22.781780033175938
13.44831489138947
49.833196635317584
19.560744131208004
15.69540186430236
15.825929448699851
2.4524148373606707
5.033986328097392
34.754422626476895
10.237311902511614
14.255139063597221
49.03776714545175
23.960711671712005
24.271960082118998
41.369425887169896
36.41730039371689
9.536897623408583
16.46687687426418
10.189272552677002
49.42148130609189
43.731598929823974
13.721023409559445
43.02678688121857
31.978633163464877
17.58963492073779
27.148139344230543
43.9037671818272
30.580433589977872
17.678887612742876
9.043322151475298
2.6211271885885017
15.342626174725362
45.630219651790185
30.363118885289502
15.152975173304604
1.005032486715345
6.3473952355820975
32.93457866216824
42.64480866939281
26.123988460669864
22.89721974097985
47.491213034278964
4.099036954874438
9.309177198418814
1.1422647571663538
17.487160809495748
6.170739637582379
25.13132706125376
14.089525570622438
24.393671215464835
6.338343805074269
45.82215951509447
43.73495405689518
9.584975908032785
43.33847378452808
2.3639638908198597
10.779797772957934
16.212332480178702
4.9734304279334225
23.951705883923935
35.86291590734174
13.61103137731204
46.444471347167124
1.863216931261148
39.047560711411606
38.66274376445327
8.396395431654083
19.053768315850498
1.9882489174637574
23.628002242827904
41.83866568100172
7.496181908301383
11.271510091039014
9.594857006869809
30.27591907249575
32.739642302969365
6.637698366265196
44.8098246385933
38.50499171765344
19.953588749482645
41.2567108985271
13.729735995338629
20.735515707718484
44.3848511132706
37.2646658366575
28.337322391876796
6.462834584763491
37.73943731536671
21.434489932978313
5.258116649397788
9.306479652724587
35.32910124540446
14.792984688582496
41.87503285949496
11.694465371671892
32.46607131209521
16.7547907973679
48.07355922354141
19.063531217961145
14.729370753609825
14.432587298008627
35.022028431623255
5.127935594079787
15.473404426578524
12.760929285625316
10.022755016454735
22.341594957674857
40.675156940602214
24.996522238956842
38.51136242942088
30.922635913967127
44.97512877986544
35.02663347491489
21.035536197636965
47.24673976169677
7.982353393709749
47.47144200726422
29.191842257524563
23.387431526494627
40.21366468556596
49.427445145726864
35.216844624028425
43.759557662110815
23.196993195587698
34.18632777176943
17.89558870593669
32.78033703016633
39.49586900471053
34.73026388193632
29.552894439267277
11.06756525989779
25.314005105639815
46.131982042692805
3.0266442455930926
42.35694517564656
14.325592573047416
26.98542547883137
4.447174409853462
6.444378821621679
19.317258217843772
19.29837124745949
39.3055587484797
6.790478901604654
12.086384072113276
2.0304663963168696
32.925852848216124
45.605598424025416
7.128905976088312
33.73342925888417
36.563542108543494
24.372372093669476
11.066839229159626
27.256047712477883
41.53280076440783
15.504304460134945
36.382732843455166
32.87777786185444
23.19625014565753
48.68446043667559
29.95489943471488
26.672673257771464
28.278948080122674
6.380101725991144
31.002344305167405
9.256748577067139
33.10490443783729
24.52512213383141
26.987327541286593
10.980632209456896
10.26399578163025
24.558778458682358
10.139634353459789
6.863296420454922
1.4425502791614995
41.26932434286754
46.180739733173894
48.879364958357726
20.215097394797315
7.092704319834574
16.61104413074896
44.762841542674515
9.644207563817758
32.03052511567716
34.17179109429964
13.631505324530854
34.047171719390754
25.496479180682254
6.728032294504609
29.498426331179687
41.79558114388585
7.724563840779272
12.127575123868132
8.820023327365568
29.520510823410426
34.07811107757034
29.410076845539336
40.55960654572236
19.828104220587946
3.051896916128174
10.688731818592716
34.08590880761818
43.65214988370899
43.432433896432464
7.967707435540554
2.244012632776276
7.209998493597087
36.69643683780575
15.289560809843728
5.076975049108711
10.853069970392514
34.93302273175524
21.905720859846948
27.27478241488848
29.177678806609183
39.961216408509365
3.062797438920172
1.7907321072156477
40.00137315566769
14.876122952413608
26.1030415211057
49.32337315931328
2.2165414742334013
11.790533078017582
28.051965809001654
49.7841754482521
26.444966808567518
16.55435267103833
26.450706896781956
30.148523959998123
28.053961194428787
8.587734639198217
17.487238539485876
25.46845007583268
15.323167354281054
17.405153405870195
9.881979114246866
33.428023803417716
27.898568204808328
8.065283286590184
47.58526627945524
14.102009230245185
5.309453130255528
30.902560595723795
42.294366894999484
3.951960396251116
29.68724445930291
20.821997747798353
36.89010139131383
42.93912868107714
45.1911913124947
35.783238647149766
13.09014333329963
11.129449778670073
13.689365252577442
29.978508949393582
32.34618065713188
48.270274083359205
32.63907057567316
2.1719970398729025
9.635902823124093
31.828033132801746
33.246053440478946
21.35780310637547
41.24070190626697
12.572953847227051
26.811981320182092
37.03323372265626
48.422740775470864
27.371151818738547
48.88428603203433
19.24055846333104
43.53682824713608
48.55278542002323
20.533588932208037
29.97161875945605
12.997883073178311
17.01727574650137
48.77503681006917
9.555140172851141
37.330760345945244
5.5756284094624835
32.58368254480956
12.007271081693561
49.087723112531016
1.073028838067476
29.683714836088825
4.610562412874685
28.66513276791174
8.377832527658747
15.201338440785452
39.61182422161588
34.59260335372426
8.543681396230822
14.423230927059299
15.84642019466959
17.975489744809693
2.8603921495028803
42.031237950465055
47.842445944982536
26.73014881286494
38.117303370042386
3.8163433828450017
20.175649534374436
43.2094662164919
40.85494183876015
30.0996897468946
9.730961844362266
21.12144426505767
5.110848632006022
42.27783952026464
49.0096424182525
27.130983605222507
27.672170787897368
48.196783943556525
18.94542359217937
39.16720932505197
15.856063576033216
22.602230545066142
20.23826133469124
23.829293549522053
34.51364274348909
36.40449718809414
6.667013249145093
27.40627745177411
42.07552677277265
4.402481631833101
43.72504599279975
28.20950059756234
4.571684126616542
42.50621070241798
3.8761323496923437
21.259342471629935
16.37664459961303
31.16196681363863
18.841635291959662
12.951378981558248
5.538620295313015
7.7329838876432575
25.62385324702779
37.30460903791196
22.23705114838742
9.535621825745118
10.318981134679554
26.10801535611992
49.050953445086535
40.55870715970623
15.4451900605422
14.185515776952656
33.84325224312943
8.842580876096845
42.768124630270364
28.986407368370347
4.502795062973446
17.402621438032444
43.45931157843109
10.912460254631478
45.924269163658884
8.95374691540041
5.208928715145729
38.19291998029148
9.608369548074956
3.8537562651999577
45.79129303640118
33.59579568187896
6.808690110105343
4.5664043020362985
25.627574485628106
36.55495202369527
28.954680527080846
3.0131521107333654
40.13712980419612
6.788730474162784
24.730314425676447
18.974664908267233
1.4291318058761409
45.313699825080484
43.15823336240247
49.34758662858053
44.93846734019924
38.621547898278145
44.50084425100206
42.63057890890753
6.439285579197891
6.129529494975645
4.503271157410444
11.636972930571973
12.075119884519491
3.8246329561022527
4.427707846606328
28.647367572340684
4.398627695704634
2.735830949710904
23.392489275485104
29.1152270716907
44.32583745101019
17.251601311076495
23.950332911581288
32.437339304159025
13.611563290306504
10.890636290158307
13.857218252133125
24.481038867924973
48.91861340018233
5.274247722797188
41.98117248481724
41.188728927430944
30.910985988916455
29.431291641676466
35.36363374115587
35.25209454343266
5.401626954586604
6.728497349729844
20.237179971339852
46.53299035219639
29.36256641739934
39.82892267756264
22.624141024404146
37.758643203025045
42.16113987428238
21.919158043812697
16.225825682948823
19.4089466437258
23.745318353699197
15.815598520760913
48.57268172376195
19.427215631302385
9.577135826608297
30.43539539221892
12.591229323175536
3.155889587319331
5.0866295471185
29.940736450225106
11.033330460338275
22.055706573529893
19.16966143254361
38.571670711017546
3.881524782251481
42.833123324447854
27.021746326943745
29.302858073738676
15.71049395314779
35.643759473677505
1.090815568294149
28.827672520357016
11.286306018422653
34.89019390655605
21.86818877507671
26.376019492931366
14.246164830571477
24.281930951120938
35.56498524147703
45.34375450708846
24.5685782053855
48.76025435715913
13.65315586335179
35.37517812522056
4.040713693032315
25.72561979867748
23.04425792375607
16.345920892481274
33.40062288510641
14.54537085494736
37.788841332320274
3.2327338913925177
44.104383649028655
36.95579672358048
6.2873863752332975
6.821309121135657
6.555241298527519
9.50342701738821
41.30957380993692
43.54326977143313
45.26087599713141
9.346655272383382
4.78543713326899
19.211903897828208
42.51692557446184
40.14151537574095
15.829132786778189
19.055435887968976
10.785259377665437
43.59481840185724
2.0549460106490436
23.577058295131064
31.678273968864172
31.824756971460264
6.494727549914579
33.87015548264724
29.190971255243525
45.119482705238894
27.2165800721246
22.257994082748045
32.323388605961796
37.42291490009931
31.34685845822217
46.55922315458365
5.776768397409321
23.922513538025385
8.995757602898118
2.9029660655160114
28.229332146143243
2.061427372782715
27.462262603799864
23.419960688404686
41.03493125737017
49.9844867120141
28.161138441331993
37.201875665700534
47.001913300116705
16.58936886507908
46.52761509551527
35.36932024510327
49.004516369414205
36.67739510343062
13.127289454661424
13.9386528318553
3.210372749207826
20.256501083738524
48.33065572744919
45.42417065077696
18.995288450250992
11.734358083007372
27.89494827149557
39.39555495807363
15.243454705893086
46.20099007985588
3.772578899588981
25.53188371557049
47.54616047043339
16.79744677569504
19.689761104081292
24.09052232806892
36.511787979294255
15.184744767508967
49.32289717181789
38.690581536896744
11.14898985740228
33.292303932931645
26.50329151366992
39.96114626204291
29.166390764257972
20.94329156630977
3.111819850075772
1.925470040436951
28.16513908618183
32.22258621989696
28.365673794003378
34.59844221119277
43.43317798404673
15.505727611945025
38.84773725438132
18.05788519794591
20.292233375370145
27.358493318331305
16.754307877883193
23.70757696706891
14.706382337687128
9.84558298385449
43.27015894194637
1.773902063110335
22.994204490362716
4.934834385958704
27.2996097762173
46.28622635238144
3.126813007214171
21.186301480817207
26.286063136997566
1.3772692394372856
22.146833084019605
6.603139546755996
32.95177564868959
16.188704893261416
21.90709950788388
44.90605473661945
36.1143799260844
19.65661119170553
34.11836644979809
37.718605040173095
39.77049298523019
8.046032461509164
3.5990468575692893
5.913214305052247
37.39373527631085
21.48265655055864
21.327805469290432
22.872463091733835
30.29666205628277
3.7987092652680525
34.45343002010567
25.864935873482647
13.785843032236023
36.48140590004861
31.489834262018636
48.2396349912879
34.908501006836
33.3477985019756
9.194222898563217
5.382905690541221
25.380579680684004
12.748604270494921
7.310225292034357
47.88172270369283
49.61319508030635
41.89889312925383
14.521086419932102
3.291531630609443
9.291031691698368
2.9119224811139963
17.012847661561608
39.560357055932194
43.16073736780651
7.055380311120379
15.937145034414105
16.338253326694417
15.226680479799764
41.40424901201482
11.855748565227689
23.704813469706966
21.986099115459652
4.677079395051111
42.26354345061086
5.87644225850092
43.58102274674998
4.606000572584961
40.946374614653
15.08120923541364
49.72109617578645
49.88275292091416
25.309170048584406
29.02802078548324
16.924651535232588
32.224538929694084
9.559664928642414
8.190117543531137
19.621454776643112
9.020076065978813
38.4060031283451
44.14614984357722
12.566126510865407
45.67801945686779
30.157868409122397
48.09018187737398
31.44683732469458
17.90519141238038
11.59330503706457
11.207178913196662
18.905180819646198
49.48990853560304
17.77739285212472
42.2372850063704
45.52710569461265
4.847485371522557
7.27974539123428
4.083184105095889
25.676029407885007
5.310160437939048
19.303264159016855
43.66983939778954
9.245284474126763
32.60326674518457
26.152895745300718
25.647159590600257
23.929997238471877
27.93818119426698
22.54193575173321
22.377854953388095
41.16973748324813
40.7911468203763
9.392573335359042
6.124308015005016
4.123934804956849
18.874424389410855
24.909509350359333
11.49801997413623
16.87979546924661
37.19998348764792
1.355673174157512
42.355523870522845
31.73247125366525
32.13346939801676
34.670138643228306
6.4851513824005345
25.495441474216726
39.04915722514115
16.951404068467347
43.50449074349652
42.938164638555996
45.966925985013255
39.3707582103381
29.53969579880802
32.543954749648094
19.88984965469868
49.852229268104296
39.96439599717131
17.38439755355327
44.04602267307516
32.327280900274076
4.2923658322911935
47.680693395085555
7.009102186607798
18.52445897958546
21.89635310445672
31.858155024643327
44.1357001459453
11.150331296874045
33.67435656108905
18.769832844328413
10.97707829568375
37.697707678928055
19.314676340375602
27.415105766029217
49.60564235957052
40.380403102053336
17.39344371136235
34.04414636561343
45.823352700259896
14.697232965629361
29.895097702656113
44.78755802915839
14.32204538786415
45.57838527506372
9.903960208076589
17.145192335251927
16.594940081110604
25.56943630316391
46.307989464365775
11.05199678566115
4.0157749177195585
30.927012781802862
27.63043738536689
3.9023370358720326
31.150988982623385
8.020218417925097
12.852837294934213
6.305509661939335
19.384588440211125
43.05805202997783
36.611782603690145
34.12041528345873
31.688006499161705
32.57988459432042
42.80288402072612
1.834797139813002
43.24992912534462
9.296854539836684
3.9930449595638606
27.573823555417075
35.72425246850787
47.89903015478909
21.5462266763803
44.03605306112081
10.454956682999935
30.57122780802098
29.741777829192483
13.948245560460055
41.797192332045306
25.96208802650351
4.1220722110483266
35.89918664707304
8.288163364577347
31.716541256674663
35.45648808960739
25.478028714952224
31.91547819871424
21.22480436975382
24.19585623408736
11.423278557083055
39.03528795028764
15.932230431446694
41.591215001218174
17.043119257626465
26.991321881375573
8.710906432184995
42.88597197341644
2.6775240308372834
31.17567533079838
42.1379591449638
39.771292565594145
37.75053832743568
23.038154429806173
49.89681952320025
25.5475148952976
14.59087802631428
35.307872659267
5.914074734476744
9.332885058819139
31.41988677806799
27.184079247550994
5.966641645231087
21.848150138343257
27.221154732533876
35.49276468314853
1.8894908430297583
8.222102609370914
42.03676678088392
41.33252022374412
30.891764567815304
24.528107422555177
26.758364318540313
33.48476572107459
11.910842526546322
47.82470585511903
31.382467081364485
44.808898832115155
10.04055439342083
11.296474862773806
11.612175929573139
3.1481550907953544
48.69694999929979
6.745157284318614
11.398656148905388
2.2117587749049625
9.162445573516093
41.65984947779522
36.733528961687824
46.425061628404144
31.76857254857063
46.57516412984421
42.763952348210715
35.12201149295942
31.319837084155484
5.971416121241919
10.33361539110509
36.0864987464403
42.74493713307231
34.463815602335195
31.201473601097906
16.546607111592003
36.74053412398156
41.682056020199894
25.095521603308512
13.272813685512824
24.050910265849783
14.484006450215142
44.53132643877973
26.47905590686792
30.136961914171025
12.713978404662045
14.943135876874125
24.216261942297418
11.154234082008717
13.321865830673287
28.767718144463565
48.111303544604496
20.295847464063353
23.503751884127507
24.84534996787701
19.906351551342503
35.71808339510063
41.21003932442986
1.237782927054118
48.663819171634835
43.395279321962704
35.36319781073726
22.855152264555297
1.3807108133062016
5.656379358141637
48.81927265623768
15.875501662972136
47.0690937783237
43.295927513884386
9.584835111737956
10.154790465640938
32.153070984816104
24.10588088499308
33.59597375373018
42.57688461367833
19.819654533138387
5.381265710452975
11.470443776438692
14.643248773751353
13.682525550570455
22.1473794468497
15.200897503825056
35.08907808688446
47.133861985581866
16.414432116509953
23.36318989063417
4.705237798190746
35.64724289219441
48.164316456767914
40.890387278489456
31.958665260808232
25.22108514339012
4.653770597306453
6.598083123153697
9.905801509735229
8.622019356751109
22.86898382200084
21.852301384810243
38.64319130905502
40.40299472447212
29.872801614989072
21.845442881322427
3.3406406805652447
40.18305396266333
2.462751583488063
39.4515568072652
48.74916255167866
13.255046016284268
48.4994909064714
26.349497656115172
48.69548594402911
28.23301053220698
26.674845850244445
49.201289252593156
41.837684518518024
25.482107540226252
44.889730630535105
3.0466515137796226
24.29833970181237
11.936413155481409
7.29843480073319
9.391853014510271
14.540647534847887
35.52371599010966
28.062237689296175
17.93481907452965
30.25934004618664
21.017076898756894
21.055231237963312
35.492119675268505
4.7800241818549996
41.831984425809175
33.731348041093426
43.22186828724975
21.373504686838906
28.283161117878176
23.046070019125324
15.88085180212548
22.73023067882815
24.17566557408522
45.0048673720148
21.49924027536305
29.690332216902373
46.625722314646026
20.633306114665192
36.86275895582009
5.013205816722281
42.8835853910522
43.18734781134344
43.16035508895854
41.45585630430757
9.689899544861204
41.170949384399336
41.79770618513256
23.013948867712536
4.488196263036689
48.88437775829403
7.854635383476151
17.940592222754145
28.83226111337139
3.0606017328066333
3.889945752664553
31.817899043424063
13.879390304032711
6.368288257759127
13.425617417857802
20.06073921103351
45.67687609320011
20.121225775905064
39.67538454373073
8.27262051144259
8.299385023629036
18.260264472959832
5.184433509036528
25.28437904570193
45.09829457309127
39.242238660825286
4.997319561705057
6.453350549795678
28.35430615335677
3.8035185088045393
44.196317845861856
45.585210663356825
17.743330147857808
22.300870945067096
3.0716243537076457
42.19933735329652
40.06024935232954
12.456958606902711
46.18147217641197
29.061077063020367
13.768161455111688
29.84591100283744
28.238264046631986
33.0953023228846
20.427491258653298
43.033017286004025
48.18343435245986
31.213239054118684
15.934598614050847
37.71435721675634
25.923197295388277
17.0075139339837
15.104864937061294
15.242408503368363
16.02443310616189
42.46538790698069
15.329091642225315
2.661627554270416
3.1585522424138874
3.789473990370845
39.592515304164
14.351999462299608
31.126703395033605
32.2160523523184
28.28114230779492
48.700760724134085
24.68358750298437
44.033627902601914
33.931654704379824
6.3715430348299495
22.81181423882593
48.64695173936154
10.259373931685923
10.954548522624085
10.948999514524305
10.024646144968388
21.84200962056514
13.225666195452623
29.5351977877815
23.387371086792733
10.448899319932359
10.350488550707038
37.24132528316914
31.357240011177375
47.280868263885914
15.333709044394109
8.522282852271031
19.53622989024189
19.331239864889966
26.44542230483657
3.1326716703321313
40.688192104341574
33.513212845808845
45.15787916613637
27.894276666376747
40.503338987531365
34.95573053300539
14.582203145462763
48.74856418082957
26.352692058078752
30.230947902917514
15.165243614608489
41.90338489131454
42.14401102617062
14.826210351449976
9.322175354927777
43.839398315078796
37.354814285093795
16.892039605904685
17.43730628477886
30.944427438836215
9.117472222750571
13.783743855063431
15.869916267737583
41.069225603873136
41.690463682033844
30.176890306611885
42.50441427206856
23.336286201782976
13.310779937124147
45.09364566562661
48.80755919630674
41.96346870576103
9.006409011827763
5.724830481273473
6.744753792144998
39.64267699852859
12.578087747020001
43.850616720805114
11.500363149219618
3.956768602037836
41.056280808127774
45.669171686776664
14.986129326131957
14.31241291335448
4.059544295647381
28.30770073416264
42.61118428770632
15.659438783115453
14.493721485621915
20.756882876250145
30.937704387771635
1.714964941050852
37.25478948055981
28.348630606104905
33.68447962050506
9.892744810190756
19.818074610485393
40.32570610625426
41.0659243769801
21.19905957910811
36.258905936906984
15.4775792701249
39.74959131777151
20.758739684342725
16.52662375939925
12.715170995209695
11.788186657051089
18.351463688280685
17.32739393567712
32.15933796890074
38.39646890169991
32.27818764976935
9.415790454489304
2.7863999569117173
37.84540047197261
4.712977154491474
30.546812083179777
31.416223973060426
43.53904960050393
5.917514548435876
11.715524058341815
27.620217634725982
26.28033473327435
45.94510927134027
23.154220212513692
31.861305830641893
26.836046115183187
43.37501757450677
7.134311808825483
23.931337382188303
27.336326095687493
42.14484107719669
27.488086507406276
12.585073985495066
16.742276145350452
21.642682396796317
46.00239368359436
37.59956295108876
8.246094831931934
45.6254992440675
6.605810515298268
26.744823078784666
23.08056316082544
37.26482655522487
38.406357514347114
40.35391941079151
38.108954892335504
26.365884311305315
39.969533339034385
44.01256006114904
49.68903782949408
30.21398895747917
8.50436078308925
39.297429253236665
44.85663446203831
31.631078171697176
6.1540697500552834
33.902787311851675
47.06827612310846
22.25002658056657
22.845047563670494
3.402763596485014
37.44961431722242
14.041946165787234
11.459093692275369
34.56088841695627
29.25533460311371
25.034536091582773
19.41010101303979
34.91324080821291
2.3176889755211567
14.27130058903666
41.44695815415445
44.59610350341715
49.97965174876637
31.543962525346064
43.933583057003965
8.373349780339801
4.10260250253279
34.63302251853162
48.44221207893169
38.570931612380804
36.770910567637564
3.11788935007016
36.42774487145009
17.773345519113946
17.69654841291488
6.955007410896956
24.843531048873807
32.76763432920814
7.486922259782055
48.405652414531545
33.77690772538893
7.9081186212265875
9.65339405540886
40.2275543919983
5.267404976604793
11.522915607306528
21.75599971246943
29.98939410048212
29.704181299434726
44.91949230011732
36.78093287745649
42.641616674902956
38.803902517460614
9.27437805397689
16.613825102269463
18.405240237330176
35.662804192426954
48.27730294095436
30.927719134808974
9.11571017376665
23.600877725756405
21.29746945609558
32.83028159385621
42.65705286214065
27.175458891443697
46.26442765919308
4.0714680446756715
41.064730080297565
11.404072022754997
28.139422479524768
29.546305667451747
14.637445074147546
24.17156194077493
7.456327387950775
6.151837239614165
15.386439702468063
41.70871504283565
26.939050112888733
13.296408216555024
25.669196513661987
23.041950628826402
27.54491524133505
10.003304885601775
34.55760522320093
17.985067020447275
32.11914972456579
41.071230986232194
17.713055547757993
42.21616691921819
12.330826299458069
35.51917944171487
14.512009506331701
11.811628095343393
19.341278882691363
40.34094923986207
36.40292636378183
37.029687067717944
45.92780862306665
33.41926090642487
2.667087133577374
48.863004468719204
45.37716892680266
21.99405147058467
31.684689912929702
7.990784177176884
2.030985012418936
47.52598078387854
47.577525030848705
27.6367229419495
11.45377129735055
45.33375824450554
26.862099037999705
40.013929026771464
17.59748353209476
2.5451742777871003
47.064597343321886
7.359943322013883
8.93533930146235
11.474256814986846
47.97808529905117
1.7920891342303629
3.634618558785802
21.34274357147566
48.675280530656096
14.045186712115624
6.216359639255442
41.352856821272496
15.184397683725656
22.21102993845105
38.09626204644567
8.993827778970862
32.08210640221749
30.246619763930237
34.40938810908989
49.45385816010128
3.371364721230398
6.922999213190852
20.565841163235554
25.761647192642073
42.10527876330623
2.6311168294182465
41.835581401468446
25.23475052294942
42.09230131594123
6.671758793290441
41.30069612390955
10.141343756466043
29.629983129811226
36.979469512281504
4.547598068584741
12.187830367496383
46.50821178043356
6.101475458672821
48.6150232805587
44.01530347469319
16.02201900570872
33.11474800475628
34.30748429503901
12.339620645355543
29.90773255371379
5.854551972676228
21.72300564508211
11.524274244612316
32.9484185774524
21.57140316354204
44.71124621713348
6.95602937899418
46.61076003608028
28.04077571563873
33.41125040812141
21.825314996274003
34.109747647752336
13.24784542260522
41.05868185085818
32.287787386665485
28.544985754567126
24.508967245247163
49.02754769353139
27.40287561018889
42.39583867637769
3.9728732482568025
25.08230984191584
42.47042987991919
17.032070148330636
43.55398013402391
36.824820239902856
2.998529962293556
18.34434243114926
41.44081754701443
29.543938926573095
49.51527929610519
48.20718451717096
30.924653475457006
21.06826150814779
28.4875225344683
10.712459598992794
31.48988873738805
26.843288444010163
19.417957056727467
2.540672792414955
15.962228931220366
21.84769812610239
40.14637295742408
8.59713170995486
31.716052571104054
47.767861368040954
13.20673990105807
2.856933986533435
48.41337182488692
23.765788323088522
34.53302268505033
37.23125166280392
35.03764381978789
3.2025420261577944
20.886132719506254
37.637066196906275
13.314754490970712
28.339924504550247
43.056615139937435
34.121250255485215
8.250100300719602
47.883688115612536
20.53020091157202
11.42050224401765
37.889264826220995
20.554237202702506
12.920741383622808
32.63279191615523
49.17618006961441
4.1175245642160645
43.70786641542665
34.66865335143519
33.91262900306188
19.725073659414377
34.57686032517511
7.267546810252385
4.6092057973888805
41.01200503536987
20.71625732252998
34.13562364173088
32.12098788335563
22.395921317277104
15.897778891820204
13.376495987772987
41.585084314902886
24.90673323752209
18.333339453629932
44.53554080361978
22.13353092679628
17.432080186930005
31.08638414415004
45.2063374029321
29.802716260473304
27.60516480208173
8.243983097853727
3.8108669865579667
7.1754978516592125
5.216426285080092
48.07826908836255
16.25967223713132
46.51865454669289
20.2567344547208
40.97843173091178
12.103523844254653
3.4723316627464067
27.092315048523506
20.619834010321377
25.83744039008621
14.725799861711131
9.715183513534319
3.2373478286269286
27.160393453633624
48.539263456484704
5.5510966667185375
11.630231045241988
24.853084850433596
4.284404987683768
21.92305158748967
13.874662751192629
32.271086986091625
45.90031522495505
24.482357207038223
8.381449998136208
18.080169958905103
10.98876258517912
25.19671807965903
10.898560296170608
32.26458687637256
31.10998044280097
49.36081649495637
19.698080748478993
49.80700185791792
18.101623968647704
42.05510882785986
36.9458281615766
32.9060135597388
47.09438536914041
7.664736108267373
43.558067297552185
46.808482122983925
33.3583301138295
35.10480323108381
45.85518786727487
34.926300694380906
33.74486346044411
5.231658836083485
29.840150791809613
33.41730215602439
10.491196335788604
32.5950971082306
27.99663806365973
28.47924751355558
30.004066042442034
35.298772905179696
22.744532444073954
37.00330058630793
40.47781553657588
4.3765053660802495
36.797656386444125
17.21242202507546
11.35575212710055
7.0839400614552
37.40918570139253
21.206866792901987
41.513564167589415
20.510660774256024
28.678968633614105
48.482523919064505
13.448705911305439
40.11091764706107
23.40005984002514
40.314156692916946
6.970358330454003
3.92075831434599
41.49935421896981
34.82244055880645
25.87233668353754
1.0546785370939817
9.676187937790065
44.9462049697316
44.46657973930816
39.72220689375329
19.18844879163878
8.448496613167606
23.497773429097766
27.120501467829985
46.70274060901302
5.451150906553822
39.587479500979306
5.797044425888647
2.0928795711862076
15.495369924164468
8.093186119534547
3.343444773786127
40.12033848225376
1.872077305417722
29.18099142575526
24.181894234563543
41.578669651466356
45.155597055767615
39.52506465925566
30.1762952100231
20.358012515418434
12.886651635652997
13.903176174468319
39.26374421737685
29.357767360633527
3.4005471993754823
16.06311766062875
16.049326809340503
18.885269066044334
17.5093426627028
31.95081494870592
11.751921320587021
22.720677752927266
20.11306819892593
12.056716389420737
18.292866119649766
21.763959211412512
23.755102940850783
8.752788840243241
39.15392957175019
40.25800265603851
19.813131175510144
27.264499409378324
45.24675658281338
20.246777606146303
39.45756108961529
28.204785796874738
32.49144559145838
7.2867295435071675
37.392216290237656
27.47754190602348
19.662320749754247
9.357844531702927
26.89423751299055
34.0118578155948
23.998514729142876
34.366462967633225
38.67952352804272
14.407595602277054
44.341384865786566
1.295294188986364
12.565334253838449
8.614563363046711
35.245307777630714
21.350128845757368
16.04379208535744
26.66012534779799
12.97898414423976
3.1639929979442423
32.74210376054382
31.202324923560585
7.938373950806145
9.917204813797154
26.881925159526592
5.458341692275032
18.545294727606
20.47164047750582
5.633187137464841
15.083757083564565
17.96817938549086
6.6218689189154905
49.67820154643977
44.73958640501787
6.40302369663396
15.195136129478914
9.69417719961672
7.463716098272957
44.83629886194858
8.553686776967067
1.6447324824945815
1.8462288572466985
14.949337275963353
32.09599592065589
27.119292737245758
40.31216950023713
3.5010624508541035
4.65657417175546
29.75356198395469
46.26223944049748
20.148844215537185
31.633137109564863
30.55719549103983
21.223038294784196
32.07443379836843
36.24784787598143
29.887816608833504
43.78996367151119
20.857439078921367
17.23399405311568
4.566376812167526
37.5918975868035
48.09284937984428
32.17166288435644
14.215354010007383
3.986840173778771
12.882602567471338
17.586538917369683
32.561786354941795
49.138563778579204
2.2559371252956
40.39711678579063
15.875311222782516
19.120454724948917
35.62249733200869
25.611461718941396
33.2088174906382
6.489146054051782
32.752175954959114
30.920116485160325
45.16091353572348
4.276210078418495
11.758222408115719
18.75231047366485
3.7614824098556054
7.010149084401583
10.654160278246506
5.6848035056401915
3.5601298891534174
33.004847847341
16.47660058124829
21.7319879194446
4.304227204742132
41.98661958460784
30.780637836808733
7.021433345338149
28.08916190621468
27.704233953935656
12.7158458449532
43.188611352596915
29.24167181006364
44.76788058557792
32.144058351599476
30.88220647383858
26.62524208728183
32.506395437144256
36.35440136978612
13.49698087391651
35.61542098184486
25.818235307579215
43.87275964132356
25.601848411114403
46.64570619007482
4.3904900947777055
23.8932582959349
12.813945943531351
2.1348372473643797
12.258792382728718
5.62802172979628
45.2292055563126
1.3065603937039842
18.575697059631946
25.434808461686995
3.512416489070535
11.320379256450138
7.474221175905352
10.93784808361224
39.89757634445638
48.857367575984576
6.703949443437359
49.565915258550525
29.17638743355153
32.802141345568025
31.358052679041663
19.462327514374
26.951968985706756
15.460887503166838
36.301816766355074
17.259952141661135
47.30198358570086
18.402309894568894
44.36951273674622
17.036806786787274
11.831282926765509
44.22290175506436
35.87289093216958
23.374213715592482
24.6785265127771
22.80787973781902
44.1314900001351
19.521189150678616
47.15666190680246
12.758905113410053
18.211279049996428
28.95894954861873
48.49054818723366
26.4788972458354
39.31152976125126
9.476869275001738
32.67642680177587
17.803228501827018
46.262734961746666
2.474695420025126
2.712616460089656
47.281750845094386
43.86041637920283
40.46298489043495
43.5253704392767
2.369210403473262
7.14549944317219
38.84441141976189
48.74464856369303
9.511982306200657
10.37211379686212
18.639546770814945
44.655421343148674
30.557280060940897
40.43604373751421
29.020717348711536
8.544344784775294
11.303641712802163
19.77930618880177
25.589268935445663
28.28437459665008
25.375546999434217
1.627646517209295
12.190986531759101
3.5861389429198356
41.2268801474177
40.71295712382596
7.746377207974345
27.371271808277832
27.27202513082981
35.28778584197511
14.210236145833052
36.71576825836069
7.050067221020758
8.992462946336984
23.163785410387984
12.49604262850422
16.995747509754835
5.943701079527044
11.313499303874565
17.118112471432287
9.64568222554373
13.30524469544787
23.861459188685565
21.975615100911607
18.737818751760052
17.492524542561302
5.382894060077029
28.34991117957272
37.461008082523634
32.49189936888838
3.695415099669244
44.7682937604382
46.95314556097703
23.74873405612825
37.57549413524361
9.182526114763647
36.35666363865916
19.557944921400818
19.975468036231348
48.836956485322375
13.933742797593073
11.77154401181339
47.841189086742446
3.4475641255033116
36.704831580558235
20.14060699840002
48.01739411681794
21.883105982430074
19.58144058150281
26.749645071456253
17.54084697274515
6.246872768731945
32.86784666435706
34.59459261249687
40.353623586881206
12.394233118694416
43.63215209572918
42.49198802313963
42.32060208949717
10.798682316069092
24.09246679207797
12.606188979879349
49.86437974986462
6.5269571583472725
7.780690744964433
14.189449654448321
13.500298773322356
38.377622553767466
10.626321084907792
37.610388673869224
9.531291485284113
27.371900333312716
36.23645922686644
9.97293114543563
21.56562618089866
43.384314001507484
27.9379478732541
27.529910686981044
23.054524866760403
3.348320606818291
9.14099790970981
16.883090304390706
4.449932868557775
12.922402857013264
34.820172705168964
8.995304797494134
6.359139295357965
34.12580480750082
9.308129175198124
24.678747699094032
4.5112654059572215
31.914116699440605
31.8667641590439
44.50583421324531
17.48039573906494
9.247898573742306
19.322640063985457
44.98097161590396
14.22932024273773
9.095083179748773
11.617575687107315
45.62697587581527
44.28472723469713
17.381280918131925
27.74603518747919
28.555301134035645
13.635908326121658
44.598828703768085
31.674770990493556
1.420496487615538
27.617971576738697
16.378727511619633
41.35299538183221
8.974176481061974
42.6448412934779
5.968301806094951
27.56660400180112
32.03121310887484
1.9749610623632268
13.662618938029269
9.396939628865114
40.63769737112327
46.80382491186059
8.96494717989581
35.6828971210617
29.696868246734685
3.0924356201171537
26.136323481730887
43.063651952252634
26.08097967052524
13.250106704583702
41.648871731181906
20.7521334696166
29.255022438736212
43.8848551223767
40.900465124441475
36.21260830947188
13.662991240616952
43.887688817158185
5.430767283995112
44.68721551796799
23.47745750711344
46.81891508944007
37.42529136146852
36.87234991482793
25.290960316886977
11.26196514036606
35.93850431374421
9.334253260374595
33.935302739613824
13.571285450866695
41.58985770908567
39.99576664370703
17.545161487092905
11.073135196706144
7.876630640438136
39.780080030850534
47.87440220428081
26.734964925735703
16.842311485163428
1.1747380920842325
1.3765288967569382
18.969160543787705
34.27365029425218
34.965669018391154
12.254159722386643
2.5892015822633114
11.960998077991924
48.58758637673114
33.38959553064349
22.452657680952193
47.51215127021512
47.00564498201309
31.074674976137043
14.209432748382048
43.6761432588285
24.272679328281622
37.64639980129184
7.754503836340626
24.166669469581258
39.24404226931997
22.969560218057957
11.95928059767725
27.354934550340204
30.06000363029648
24.656893417949036
39.94627080335556
47.736640650767576
10.872625302761701
5.3748828864602185
24.68760524741851
5.508669967946579
26.82272183099068
5.2786466928632505
35.42374204504509
17.593572236859522
39.41989402623872
9.367066203054076
6.351447387199251
37.62233257536981
32.37771244666352
30.981497976612896
21.47843536900045
7.1233247649791975
10.043551066550094
6.205183297534591
6.088227878462715
32.73947060764418
47.037654068992595
15.859563777265075
12.012027204895427
2.7755691212774942
10.369829534109972
28.80163859198938
26.075023869255084
3.9354899910288115
5.818462419169345
32.98196834499603
12.83077327729612
11.054366542501638
20.786741486284278
14.527413842273102
32.48711820964385
35.6210447125246
8.69878319191048
27.105923087677823
39.292375303810076
7.492986236851985
38.30462118828129
19.077692073494596
2.707446320393598
17.638627695012683
13.315671365343363
42.703122999236356
12.868779662770784
33.563574245789816
43.12156547880989
25.77026407933396
15.523246030710693
27.445238429929958
9.520233092753106
2.9980458911029
34.71276892907524
26.78874638359501
19.27740611278677
4.326289666207694
13.009325737745225
26.869349933026562
12.56419337237394
29.679728122190898
35.67277066372402
6.899458357175888
19.30115026417617
45.467557293301745
33.321589519907114
26.914980765363012
11.981455533843034
3.5948546812261384
8.492077331223829
21.92155671647763
36.39786201771258
6.447642938062843
15.356826119792787
13.724664734673258
48.80565253086287
5.575280725585547
8.105038950398892
38.675558363556334
31.97701666290405
11.324708160753914
4.3505038613785665
11.909222701394677
15.902169040144642
2.2836374612091737
30.98511816984742
6.627246774254848
16.706199335841244
46.22402853758871
25.026369011418392
40.68885369841385
38.08331647847874
28.575110379202243
1.8272180424131972
14.478671971991707
19.896315383082833
43.362839584913
49.78718138275317
12.706711287819155
43.61037410066152
23.230074016359747
49.20045149005169
10.422889615537727
26.753933793609804
6.568025245106501
4.4868772539438035
15.530751484332066
14.554769482562866
14.151910738780709
37.541769480494516
18.491740541825887
8.291866528673069
16.015507774255536
6.776525022482465
10.694291199227902
18.373980099665737
23.86684009577207
44.82963998900906
35.46071781434229
24.203714910333296
1.0341049385007262
46.255797426774166
6.866852952301363
28.641211413369348
38.09809340231681
33.78602245513459
23.44641668028062
43.49356790078155
25.89597435080028
27.41844131226411
5.445197867060144
22.426755689640924
12.892643824144491
1.9274723296914642
46.07690874924379
37.87782825100553
22.30510315640322
21.649301734750182
5.0009764996769634
41.26146604449673
20.903133748514193
27.40817894407343
32.97209749900129
44.93450574180016
38.147836969431694
3.1202269140241645
15.549918448662675
37.9303579243603
13.377621226045783
35.23358711113959
15.084235606947736
27.651619063021947
18.904470267366186
14.248369030006824
33.20755150286437
47.626274319322064
45.65460922738766
12.44308067546058
2.0106219105112775
29.259370055721345
5.7836102311992175
36.95448208461016
20.672502761414822
14.538836842828315
25.668416617392143
48.10291631503465
49.6047212310033
36.764533361474705
24.91831524442746
14.04128400678496
25.177006762570013
48.82020493331593
25.35637517375468
39.28171426067441
6.155617993630703
13.253880912993592
13.653540339099482
14.154754324647914
13.733449633427854
40.545989760226284
11.449261278794307
3.9966020547678403
5.589263365804343
45.689580368615815
47.287553172982754
45.829458142970346
24.063114121164645
28.93229128999686
21.647458013252695
9.438477153411583
26.54329230088011
14.774521722061795
8.68516489499819
13.542304968462089
19.601423428419473
18.04763295538024
34.26035680030583
25.924077629689165
37.06532804503704
30.7186066384713
41.9507749946339
13.345460324681772
44.91990598821846
32.49128836809131
4.196402844046684
46.778608870976655
3.004623137836636
10.373441895337479
20.067112546695512
6.882837838171327
27.29057375816607
37.8139048620483
31.532122570683484
44.54468316318008
29.6254469738229
5.967681043366593
11.72162846917105
5.136064842259584
46.1004558850181
41.46408558985984
28.855095006391796
37.745921032916996
7.684011163300503
40.178879914086956
27.6545326025041
43.64110694537185
23.273541644584512
1.2252235995117218
24.708545011343055
6.582189916659743
23.32091409907043
33.475088866518654
6.871118159912189
36.04696312559276
35.837961962151155
25.771613179288057
18.492224924005967
9.545857744913226
7.026204447031355
11.688361736334494
16.285250518792886
17.70223740305448
8.989760971362658
49.86982042297475
18.897486750067735
18.51683867942829
42.81846932200649
37.22456489282871
6.1922098638593726
46.7066811335087
5.172629986168822
25.86154258409761
45.09802835483942
18.455031309181333
39.399547673085436
26.48364194898987
33.39781765629324
27.478145176153035
33.881796994978785
19.919499299465954
4.994681439517365
28.807509692393747
42.73315972815186
26.476757391669764
1.9359917745156887
32.73863439355907
38.61881657874605
14.071098117612372
25.909539057583164
4.468752985303002
46.645603476356754
44.00597535489851
45.75421564649719
20.98535703771948
39.03913596296702
22.657426931550358
19.48947336255884
49.32811842425675
16.266904230767192
26.66755252346344
41.49030353267632
23.500490823713463
39.677120437527826
10.945044570060224
26.57379494483812
6.603221128301912
22.35741797748982
42.03484093992909
23.38970757716286
37.70657815802694
29.62517625202926
4.4432189917299105
24.459066322194605
5.488958752204098
24.696585774074386
25.101908100363886
27.30252665250431
34.4033187650459
46.42298249199458
21.087405619337588
24.763241497856747
1.3128556885126523
44.44263863125384
18.157457954681504
21.428690505751078
49.58554720598042
46.796371792592986
3.133713232067537
26.49627825580346
27.077443073934326
10.401248654098941
12.419911355022547
31.20366891389107
17.012754638621644
40.7609883766101
18.76379663981886
6.860498730478287
7.759284380322133
41.62399429756693
27.708820513134043
42.43686731682097
10.349482363654536
32.702534887268925
9.583316594650583
16.375906113152045
12.583243637077912
36.7789968548226
11.91838304002419
47.93852005854984
27.80750759080878
19.27023894260212
8.211416991128706
2.5767504083885058
10.3135666826842
36.54863510060321
28.658278324861865
16.17929559093425
11.712110420153001
4.139966061331853
33.44277547314521
16.953131362098212
42.97192490177369
19.36667445614754
13.014417704072144
39.680701273100944
38.40104473419041
1.5175115358117552
46.610042224577974
2.3451831606424425
39.9389378268056
1.693920391523411
44.21798554876781
30.17849938379893
16.931950669057127
3.2740311186806563
15.124918706659994
36.40216217911607
29.03412057619504
33.101665662581006
27.423275187229738
18.86879770276751
16.56890786260972
31.454823346641188
36.78228203143922
15.503874286095105
12.538013677035789
10.969937142483023
32.60565584220295
5.799530376699222
42.17378947867074
32.282165753885835
15.047545037756299
33.219559779468945
6.229425555152839
44.515231581547646
34.15454383667948
44.192157885076035
42.21281759813588
11.94866939542724
36.87774594260189
39.593901683633945
45.70241329239765
25.002821854106507
37.545662639633186
24.549035687724846
16.505406277235657
6.1536515967893655
5.774186951327813
16.683989003073975
38.14873284379328
42.925987424029216
34.85561485046306
31.01495488688053
19.017003954325077
27.137438047595086
41.30612941434532
15.331610566843368
45.93395322547541
8.797619558111311
18.77998593820069
25.801530238621748
23.993905843282903
22.589814326443584
8.445368704426455
26.706869879341426
32.66553754474336
12.417185098284298
8.579211199005815
42.21409950852779
15.47764193656575
34.583354347356085
36.742101315046355
44.410094045920495
31.00188127154489
17.9763489409024
37.72104537361995
37.174640310897736
26.0907079827362
2.2151549663737216
11.833065594154247
23.872214057583477
48.09298825274803
20.460869686928017
29.933533094370546
48.0546783382921
39.53199105911562
41.78870636780775
12.94408226864999
3.0170678580142263
18.185625931887312
18.473523944284235
35.44311829301925
13.837556600061145
46.26007793113125
47.50755065807807
7.803318913757648
27.03999756105094
27.55791829998389
20.520149007113883
45.4591778319658
44.200972612835116
43.31593580417487
32.46887085277265
11.139087048266283
25.329475633573402
21.658060826619266
41.21778537475521
4.02376659295715
45.26187886160217
32.95585649799411
41.8933618275927
44.35003007857881
34.88734434217126
2.116861973199251
21.02307149512805
43.84418624920482
45.40249955318524
23.902596663746813
7.572548984118269
47.60058920772863
17.008221027168744
15.662273048124334
17.97602348990661
32.615856379807894
1.2892646066977005
19.570921101906546
8.471247961426156
21.01490895051076
47.98527562924412
43.99467642123289
11.898695349521464
39.87934457224068
49.71011631447417
46.979407058428635
24.98956089389345
23.068204721642648
25.23337122461441
40.771438519030674
27.356040020347358
39.26335153212504
38.31955550536219
49.967807123682476
23.68727199133481
5.7996547652988575
39.387516238106016
25.99296567890464
6.868515229694779
49.68326862964943
35.04932159261613
23.29190753873229
3.683315301256084
30.98625987944783
40.88380198609628
19.234717787594505
12.211365858412046
10.505496000363486
33.925523766324325
20.134914389389255
39.64297073069501
28.287979028085136
35.14613849413905
46.52597672429249
34.445117417301105
40.01509870577542
18.08181049512542
3.894342888362183
5.524472334322178
16.333593848861888
33.661478988997516
19.585222533439943
4.9214922113620085
35.57112247281713
46.00380694705878
49.743419641252444
32.65067580760551
34.74161742903577
1.2680307477650796
24.111877259518995
22.163258029521995
17.755791754559336
13.154573631735934
42.4175247301812
22.95803235571174
7.086237892576255
22.54473571033414
10.343307016885166
8.456392911181613
35.805417531081446
7.105086884493572
33.16308673748223
13.25121773051384
19.997489677198722
24.570436174153272
22.00900786270942
26.923666527796033
8.776474313052299
22.53224595822052
1.9082750338860688
15.02508276391291
45.537844318896425
30.396765997789046
31.885309141845294
4.988928704459687
14.568378916617844
35.34863844168561
30.576941903049605
7.158450176177961
34.61844103150617
9.118001262981839
27.454946959722502
7.840438814943081
29.490694723170296
32.335224042566566
29.243878654378978
46.2843214894832
36.493783534182725
15.009177817800182
6.746202899106208
19.69888542333669
15.351791827578094
39.33049986143121
2.5599019724263394
6.400626511571667
20.601838652210258
46.22389061673781
3.07620934190739
39.663612409269994
43.979366722464256
38.946329420671
19.273411355988607
12.27873836617981
48.76576686432681
15.544994869050946
27.779476328368858
49.43675499432909
33.32658872197616
31.17200565017629
4.784201623763366
36.480939386199196
33.66194205309157
28.6490121456563
12.180514090600896
24.906714032490704
30.637580700611394
20.27217696178332
8.750727330502626
22.987154040523883
31.446002417894405
18.404518061537082
16.955448437411007
48.393315937750174
28.661369112248444
37.81547275640869
44.56681525240202
17.373066201195666
33.25643886136909
36.67895871259932
47.96803354412421
1.2776852778550523
40.500808589551035
17.50758285273221
34.833682888508
13.951749939597313
4.432210949354376
48.53072447608816
45.45954317134273
12.780304706268646
32.88986400965574
31.040011476118465
38.26422087953424
42.89755670742229
39.506016129976366
45.47667509391531
49.01376045232115
36.80303625043448
31.457663129967866
44.55614705532683
38.471240766656685
18.75207200726695
27.683576752729223
19.69939742682063
5.557755914149126
24.233327618101956
11.359791696066917
20.60247297400046
44.280522517436616
23.390026660817277
24.935927611402512
6.635730541954502
17.9647152474263
6.633881280254451
13.405242683744666
35.80709889216895
40.94518039333909
7.056361998278437
28.982447779945073
13.451826737245103
12.40026506745564
45.31167849490023
5.151089948575817
28.770178658187834
5.938232714575512
33.46129715942349
12.200976505599538
34.27559290264132
3.627427056704172
45.18111489684533
32.540655961635984
42.841855201310466
40.96043724827454
25.71757900966674
39.23404709726141
1.5559166464140406
48.795868413417864
5.096242176297784
10.783553922088565
13.908792536062611
25.324933125752533
40.84763636558503
2.6386505615899942
23.92512090490983
23.168108284428197
23.14150727586646
31.547650820690706
3.348178339441458
8.775353915110033
22.53636281315534
40.80453482123615
45.96824306825578
22.801403400940313
40.534937883230874
6.513166147395187
12.02097277256332
46.98575164364861
14.099113323182396
6.821028172889796
25.383766123898557
35.08377242939152
3.351770473194548
5.81503029488557
10.323333813867487
30.617801605496915
4.542017082520767
42.72502896320387
33.08685219432249
49.452837654584364
18.164726732934575
24.573897214845953
27.865851638111202
39.68547795200964
48.622949924239975
34.923497156804075
42.37834039256621
5.145932375892944
36.97561264135005
14.433455805921316
31.418493855016205
18.012359063796534
21.995689249764357
22.510998932194365
34.07912637424441
34.7871134490689
22.677085748040454
45.16268070839567
20.070571636573618
32.43664252980187
8.325723095850242
41.76275323354678
23.930600013229984
46.69110098749043
49.25438375539238
35.256861881002195
29.72554721588064
3.126673091058609
42.86905929486223
44.42010178614978
27.204796951006152
31.264346543988573
36.800819440542504
14.011902847327942
30.794700056715172
15.31705112206101
15.063608202653691
48.99151190281369
12.566568294480387
15.459898108465033
41.32386074667625
36.294247393803886
9.003228074187039
15.783854032865365
24.70996541740626
41.03059052242268
2.8888924368007203
32.71234283233159
18.313384390287553
21.961648073072677
40.22051019518637
30.20096155078992
48.95437528010816
6.851452248278127
18.6951652900778
6.642646138709281
23.639897513826167
47.708217374074636
37.5359422882133
47.76217756598205
26.40950013806837
17.262284664682255
20.578865521288364
34.972652116672094
14.642817306931816
25.748080858408834
14.185255331835371
14.145962494808385
19.26484853051424
12.637025517025354
32.16340119136074
45.861772358381025
21.015454694259926
40.85188162417817
31.016169455607297
14.05269239058304
26.000961945114422
21.083459611043764
18.727074031765774
12.940535206653143
32.433261984317156
25.475288039830033
48.71297454928938
10.834136539114
23.750784120810856
47.62173812209233
10.969392713847016
16.399635955745808
45.46178818381385
18.887258579093757
11.945718906693937
26.381918747911655
38.22426001871429
22.016439911610004
26.112171186660888
3.731904677239042
37.20153209574234
2.414609170349454
12.443679971432989
16.97710480396231
45.180854553466766
10.351923741142052
46.10539140737402
36.08367095745895
11.062787468957183
3.4085145712501435
12.899764380505646
45.28123672982495
19.148595121907274
40.67391228631008
48.553431583270466
49.333629182645
46.11912524389709
28.40873458080204
32.946968248438
5.079305579320369
31.736442787399522
38.991374151173545
11.247129402092222
34.25289206585461
6.932661054293354
12.401978538359682
18.22345001618564
33.20085379822043
43.720115683606835
33.43813360649222
35.36342522415287
38.923081949909125
7.622369123671713
22.243631138603497
14.539325737470515
39.50153957912789
23.43183667647706
41.84147567700037
4.470817095304591
28.31588842525267
20.72198568659145
13.381214945339178
22.559519322211248
2.7206591969396134
43.548050510863206
15.037300536381078
30.09424754881
20.258832128967576
7.231017312929897
18.921347322262516
42.2679822939004
27.438255111909697
11.923214697179917
39.92597470117975
12.857520998733573
7.101759046222519
25.549170189508466
47.727419719035915
46.01094597600604
3.568101951712535
11.31025999360147
45.29557149210389
10.502082586207925
30.100189203381927
44.034848274460806
34.458989793390394
17.421969955721305
48.14360499887081
48.95970304617915
44.731536563927946
5.259352448557139
24.504332091810824
22.945373983035637
34.078644499313974
24.078341808877823
34.07923346935575
44.33781396085683
37.14788035886806
21.193322594289388
23.202590306452127
24.73348002404535
41.51070184457568
6.613913238873621
31.81663783207408
14.194846139550325
18.384290140142113
11.409513765426556
5.153283301395246
32.19574259100902
21.5602028396268
20.899466023664225
43.739768699691766
6.326931806882925
16.15234032305331
15.798948414595436
40.573018530166266
34.89078419435515
21.037339093994905
44.73708832314747
5.270119444829605
1.042119724832031
30.272875751622422
22.15536793435791
12.200033537228398
26.837794012086054
33.20902996600371
40.67287372551253
39.00679017091853
40.429749844750546
47.72788118779222
13.748308017289752
13.307071034382192
16.124903385113758
3.59736620257857
39.659933172538516
12.745502124944448
29.254488337212305
20.18713225606054
