45.33551811226296
15.318615823460043
29.25144512011623
41.69953572799475
47.23898249355014
11.221189977658351
1.4821628559484625
2.170488018181759
31.25272157865868
25.45410857157145
4.238309166448932
21.735877361547658
31.435149743554295
3.088402332844767
36.420071233397934
30.625636506884888
6.297977553840223
2.277547091159019
15.761076375955469
35.62916964700556
8.53057315369354
21.87360207902842
12.676122856034047
7.311120413901664
14.162804431074665
22.32140170088064
27.49643116767125
30.0119752025956
47.260731590334025
23.414933984057708
40.313784834601634
30.170431524671002
38.91938648901411
44.13406185743662
17.72528136807808
27.98841074184489
27.49319495645731
24.741919996232152
8.965841427862308
47.43999345868611
21.084657239125786
12.582797529502315
44.755968959685255
47.69137392625463
17.012015074259413
16.178948139144904
17.560282992014077
5.505758505066657
30.148719751315134
23.828988680469205
35.79752768331102
35.835298899173914
38.822957213281626
12.902226892312623
36.05402705800574
47.39573630928542
17.32413870323271
38.933825793114735
11.831900099916773
32.244784085434986
23.223442062219526
23.311829392553918
8.601320602743558
25.378045450444684
9.329844277446508
26.465741459383718
43.79155040462621
20.00284808436724
40.73857168115467
48.97333948021278
12.545724995300654
39.42501770382704
8.746974072586116
22.05602331408674
26.354389845916657
37.32704829214427
25.512502531740264
38.378726741510185
29.0651415558041
23.222675634332585
38.26920363150594
32.94229609503574
26.31022324157634
9.730393257039246
32.36161483389333
3.305583545531602
39.70847259814547
7.597248418365321
32.58331946349684
11.292054440274471
42.000432644093806
20.032436712794674
16.4691824512173
46.13708429377015
28.305088935126783
36.395979796350325
49.854586168539115
31.55368389890879
15.466141636664574
9.991804572193914
48.041235925420565
14.248370554867767
3.9702425785901934
31.501722222206514
38.74335270359955
11.23076944559932
46.40273360764685
2.107622206602941
28.424012446700566
47.0545359114802
19.33694236787289
7.517029450620538
29.385060227098318
38.31575267374192
37.8958652046049
9.438164331639678
33.13717576500945
39.24801145701256
10.657547920519178
27.087129619974267
34.51201011176181
30.913188570722216
47.028411675133114
43.402967540918446
10.841008894670138
15.905285116277554
12.173699926865265
15.85958180654701
4.132781891637824
48.19950897351161
35.94932967627255
30.000331585471702
40.581216498716124
39.39946972366297
13.839363938784306
18.73805311609585
24.450322082091162
31.600506449030565
27.854343163632027
30.616537329695078
3.4281720103360245
47.31297018070189
28.013875693324728
3.591493714177064
12.32555137587639
34.955417397942966
24.354057227948726
45.51754370857937
43.229152131702136
38.74507973129668
49.88960425222881
35.32954376209123
24.25231225907892
8.98965713333341
5.821582375831193
18.671088556879912
9.650049052038892
9.7224001825503
40.01775045057816
21.935985005004362
8.013000759209511
1.4882401726455832
25.462303094932846
24.013622890946472
35.07832488686646
47.92118167815791
25.56952901925989
16.14756569053018
14.34725772018975
13.025612697289377
12.399502219135709
25.445861613138103
46.14431845561819
31.955191081085975
35.83639869626204
24.989567360394208
33.35435336407259
23.78899477203428
11.150386392376298
10.64239538188277
26.521414218925052
22.8234628291743
45.7589451756199
10.727452388331663
8.280391338594363
35.572474765315576
6.6929569771015665
8.183498711443224
42.86301271581318
31.909066526932875
47.350014024331315
43.4330451904128
24.25243705190957
33.98313592160859
9.356008405164852
31.42759246883357
7.602054280417544
23.401958271743254
28.621786674802273
22.165567500526198
38.2751164092672
22.80851482463739
42.774564378433965
9.428258352308372
16.17945331038161
45.82970387846081
48.312084731274
22.911021898035038
16.002756095005587
22.77619074113939
14.944031124342992
19.104142723739248
10.446036653018652
29.215018992462454
5.49262372443485
33.801341736762375
43.60134732864249
31.953722225784574
36.46591552463468
9.162106416253582
7.300172746071127
5.773605113225189
42.68010764607712
46.22749382468236
22.543005160955683
20.891680716205553
27.07379039096961
16.070437167261634
8.03348991778729
14.7432730745625
40.86587268735457
26.757113701902963
23.854988253136003
1.935860233452679
19.797408251626305
11.431704327749667
28.20069136274038
7.7793649983493705
19.37343091987093
40.668611170750076
17.76747015019814
18.66946301350635
17.424819655694165
41.39025413340499
32.08590424234581
36.655490863584234
6.164630905928337
6.473898560820739
29.230180285864506
33.28577888788404
27.47522697887814
40.672400425736825
13.733393554832535
30.51107036472557
10.859730531358462
19.3719317488114
7.548262074338375
3.1310126906456586
4.180539176483503
6.180057344202643
34.190319656190695
34.135140671923025
8.02714562439142
18.833601199055725
34.04774457135567
28.73580367775969
48.118600414242415
3.7063096156675766
25.4589050419461
32.41927688213401
47.48363573328348
13.301354971163931
11.405443524547376
27.961102376125766
5.784639899565324
49.36735282000955
1.7620841452554274
38.45614158865025
47.91380089687346
28.37693498878338
16.624228340196254
7.880887904498236
36.182660958173784
33.25671009721924
37.12566083586942
21.168188479718168
12.551713852102033
17.847599783365983
19.563552571231792
34.555931138807466
16.92337536976786
33.71165543220615
8.800693471645408
11.473416822277327
27.915542202872995
5.12735021000696
14.102096303414026
24.620574602183126
24.585499477859713
22.633576022974772
9.660245067990886
41.1581244123011
44.313707893265814
30.96478227597393
31.0726618454776
13.335999872015043
37.05909148093267
2.7625513198614122
20.92340033503618
30.330443384526244
40.053379637910474
41.03686450590674
2.3843002025303432
2.7052292583940716
31.031384340166007
49.31722609828072
36.57258315067833
28.06911343933457
11.232971675769035
6.1971837264568554
41.220919450433705
26.671339146854947
36.5856819043513
8.449637816077582
19.119186862594002
7.232499101131221
42.892436646524175
34.286831878319454
38.85886414099914
8.594287988570024
40.766562036110294
4.974584926192346
21.746517835748236
45.03453814620862
20.642846267817088
30.21613800920083
37.72483133987742
15.061860250506388
13.132382051872327
7.026446179415145
1.8782644295717175
28.806834141751445
25.866646365644215
30.65991080967842
49.63973571263836
17.838144427683623
7.41222759333377
48.74482703479533
1.2822466087541342
44.14228947551667
19.476343802964962
25.55041110608769
26.717031257239526
21.730509356371762
30.866175028909336
34.187791647435205
34.58605717303099
20.15812150783787
34.74231898963664
18.522995530398244
37.27215665659116
18.270528059288665
37.565500173115254
19.351364642763006
42.48309288006017
41.21817199810832
17.27089104212271
38.06289274814315
45.67981269643137
20.679853678948575
34.5156382901049
14.854796087518901
38.66119556843399
29.480189277597983
5.653490729424173
19.998155932167336
4.910808373753302
30.92828770327129
18.83823017502888
33.25456148210581
32.746434682219096
32.98592114599266
1.6184329913699027
24.721684834796125
19.915027153675396
45.107174806429555
48.90283725475896
21.086221993956347
48.098903180874785
15.733238997424811
9.068645392298299
29.639559779610845
22.031762189816863
16.783780980543334
2.4708321746292787
29.926900767944566
5.395974164321801
35.53606635099872
4.776842626988252
14.57605613641454
18.85139632924032
35.19116116487893
15.791705501859699
38.075295157468716
16.533643790245304
17.538707120173836
34.33771763456292
35.14059317108953
33.22395117082578
49.67460211154827
30.846434891576116
19.502659232140232
1.977533566044451
43.03209657467461
1.5651470767441702
48.303742969640226
49.468154046960215
31.93543514618263
47.9445571352564
2.24609656404857
41.368400518111166
5.158432084762037
25.025225786942823
27.858359549745426
15.231164849383017
40.94701678293566
47.230469038522926
40.863965473550635
35.210116436470244
29.196436165688798
32.03830413902019
12.957395870107383
43.02654229085461
4.209970653918952
5.888943977621542
21.917051798395004
48.54219567324253
30.449565509631306
48.87922493964683
47.74227538247037
18.402923300238157
36.34529664727517
32.239392706896396
40.02759246448845
7.688022835773051
9.141624865489069
37.67221769241645
49.58396892488562
14.346983303593902
2.201539802389279
3.4784435503950624
22.389328696076397
34.94951917080712
40.74741646219156
34.40161196525577
5.724803074411237
22.529108148281924
2.8221360066510166
13.191631443149962
10.619588701105922
10.655006936513171
18.162301937297915
17.55758304393395
29.995632553804935
42.6688351790112
43.97064282565378
36.41285633114983
14.412774436701387
26.615161429347097
15.871550452261863
1.5829506856634308
22.172463206326597
31.581099393362585
32.86012610253211
25.865452698740974
7.918283478491487
40.10114577357629
34.52296351653452
38.450644483026174
21.378149441249338
47.08528789716401
31.204664239854637
2.869642489662323
38.8195811840956
13.641481587512438
30.008315100315574
1.55414999996245
18.309152624498513
48.705503003146376
16.192410093142286
27.89845748250413
37.394528559437255
2.4267190143529445
2.0831255391301253
16.00197924119626
47.12958649334464
5.826249412154824
35.93084241676482
47.2443785496935
16.725824607492235
18.405182745743097
34.07141715990953
24.37358307124358
20.993592147182977
26.831360861879066
10.911597942729284
14.186465148167771
42.23632986717831
26.751381319952078
35.71834831746089
30.012657557892748
5.360226134192946
44.36810250855148
31.88908303060693
27.1658814753049
2.763255369251093
45.524790340554645
1.0865066637875818
44.23231886794544
18.21745227250548
31.774267586633968
36.69033414068333
20.902072071337642
10.253073981752248
18.35910504530665
19.75553029059115
18.089316638509118
12.79098194937206
14.61357068157444
13.893774421325578
10.511034677496939
15.37712018884409
22.941062353305988
5.519735256213165
3.7969859923772944
42.631801864937955
32.55186596137568
47.75054279248112
13.262467121743379
45.326521184136965
23.568653067033335
46.5950877290046
21.172417358587122
26.807127813934255
16.430613442401025
35.474533780289875
21.567801288535875
13.13085437492102
44.043309312058156
37.92536866444042
45.599412093158655
45.25973951537606
4.230389466427068
27.688543107661523
26.667176619793405
33.86815175619711
35.8155628845307
15.69792844877859
40.742489283614816
36.09012502823254
31.03149741046524
21.406588328752036
10.353340459606425
31.210150949697397
10.981771726929795
48.71718663792893
4.85416915693591
27.448105786116507
32.52432078943842
6.245334935186846
21.875684050311822
4.945641381016495
28.38274508319018
38.84449482759096
32.68383680333913
23.73553062416758
5.392737802563783
34.17539809283949
30.703027123167978
27.995832914238626
29.831068019807628
9.22038445262436
17.369608955092502
2.217401292975959
42.07514142850583
32.022185890301046
11.766624338286194
25.561825526320458
33.64683705907849
24.61385606675879
44.083162309538
40.355480794245295
6.467090276248136
23.602997522665618
37.34200535787855
9.245757360033561
17.42397364529044
29.69480818366085
41.91920885420805
32.03440731201145
26.235745418438256
39.010376557610996
3.7270638163140237
23.24442095332978
21.841988223208105
39.72419435711725
40.86961664305326
7.935841735789225
21.833159676637926
28.227617598510115
35.5533262161214
34.909150112923506
39.47956595597962
40.85022345423664
7.986976422560913
13.176096444395736
16.642429084868255
16.156212346561468
22.148118498321985
23.328139392325816
43.884250889961315
4.294759038074691
36.252645428216766
42.74802208009588
24.718267046849924
34.26352074047042
18.75289935044359
42.649792757214435
44.50855916333599
1.469394898973631
27.904397428645318
33.401883209739324
41.555634105701905
42.05412256680799
47.72047090980119
48.75233644480919
14.98706876222143
40.85459767913461
24.717020034833975
7.627501569745934
7.214164919431364
26.752510219826185
17.679249555119426
33.04017816411609
21.279076962004797
10.870866741165703
24.798208302234713
40.45354238273614
3.9580346380664952
49.103883869768666
8.36699011301816
8.439199964571545
16.43973312814412
45.21452189300344
5.93621614143753
21.44543581560298
8.722748915028953
46.79620232114676
15.528630457247973
39.23461956892833
46.15043399028059
49.97340480653393
18.423415077184117
46.91118263664287
30.110088984953784
27.08245485435967
9.350038711446109
29.050264950773677
5.936023758931304
31.24267396871258
39.56296618373437
29.45195409441254
44.78177518244351
35.221352145696216
2.1490779545001137
11.369675406796583
16.469650405695937
46.963653619567616
43.45518212371977
8.171794037475655
2.8036236200582763
2.0339311958687443
15.849126061829068
24.709376729637764
11.847742988557808
10.003041857870057
3.4285733559578047
31.680441170530692
28.7886884007205
43.461779124206025
1.5092168913882587
26.40540090563887
43.23253599448705
25.213112575142844
46.06646517082146
1.4416433457511144
22.311758336246125
42.9040755712577
2.9548491237505123
21.147046482282644
43.03508275216534
31.238217105638938
18.979160117801474
4.646600929368584
24.71558479400697
11.793393034285097
2.402541949743597
27.314795900624116
28.582480083278046
4.982973338189489
47.33765278522131
9.467709791756098
20.572534190292046
6.841210484449496
10.472846709064173
35.48691499228982
28.756379142874394
25.693335339820056
41.95111183597805
7.039166209834982
14.21898159834647
34.277672057780066
4.307029192628771
48.36256342133099
47.84514869954056
46.232526678456004
1.3025870096506535
17.29141623224174
46.142360488156065
42.41849294420121
27.23178919659535
17.848405266694574
13.880083172106177
7.305268736941743
27.21862601975619
1.928023078188098
8.949738322048743
14.14560013245173
2.209700927881891
20.194755819759315
31.52387862966829
47.8459791301306
42.25762342573336
47.00946585834921
22.119464496514475
21.730828165583375
18.337531668179864
44.56133239238161
8.918699944524334
30.083444340851283
8.601407355958191
40.48455534664667
34.582574478371065
11.477261202417617
12.855478783145099
15.240944013035458
2.3661940847037064
19.36408832426886
32.02086968625696
20.072331412068152
7.599216325924123
15.83921862215462
30.301211615417103
3.468857290301864
44.551041023026414
49.31460211714488
13.362418987465448
5.211705583107
34.01243475189685
45.629862507911994
8.34127351773459
25.366256609650616
5.028589128157717
46.6622694061008
19.33318936435968
9.435970699630682
7.109578205994669
44.900690580218466
40.24858884079112
37.68574708487191
1.1652959556106297
27.800679394592375
49.465480178878494
13.238451995807743
35.70686179361189
10.401077742437991
36.687591322031594
31.61126199611826
5.555538746022866
22.398515142285266
10.058956518294528
1.3374002045251252
18.239386977716613
15.77400691329028
43.35249221353488
7.062178828285912
6.108439725747885
10.079093650444335
40.4486253210594
19.56184963105011
24.792099585110105
39.00275834227904
12.459958359645446
48.895076096709694
26.191100678328304
41.41640384763936
32.836104481950684
29.900516865450612
5.700150097812103
14.202352263424057
8.945458575874849
30.943316023796843
26.112007025852048
22.05761713588902
16.42550932569388
45.17390763554064
6.626716967227722
13.323250793702345
31.346756459520236
4.005206555260758
28.286722232553743
23.09228079727086
11.283203880726848
31.920853550700283
33.20476502345597
37.8974159796926
35.74597485557296
30.148946326788163
10.818963998473716
8.388243320083742
33.732460944245055
35.36466130961644
11.727583302967453
35.325761528063566
45.96605160093326
5.703423085491566
22.101740997539423
22.6852251462106
12.223602013105863
23.327773525974745
8.685334853791238
36.37721120348063
14.810798761455592
18.907510489092175
37.932638588440305
7.283711320196431
8.455969316954288
22.505430473943637
19.733644274784616
20.60822906130722
17.949739863551844
44.3760086117949
6.691372564792834
37.30321306310355
20.793985789594633
30.115474596351806
5.560526253363381
17.610970908105568
17.467396087018145
18.904359653735277
33.23053884879917
23.638158681076376
21.864093890833445
25.786547134849084
38.98644691582173
17.764420748858907
40.79355122021673
47.69464348275588
43.67520347260781
14.046707917895725
35.90191716675345
32.31081852948382
35.34782766213788
24.799634412944833
40.71317662033481
18.259355008179558
43.16582937896079
15.526208602585156
16.726412045548138
28.83045839233404
29.82715656410966
5.380481109319366
22.52293736711262
2.2660235383103355
8.881635291431778
40.8266049257467
27.808128359856894
12.349712559761173
21.118163319642168
30.68929288264208
20.290616590542335
21.889587975671134
6.945692432086267
24.507125081291946
34.50877615383275
38.5395029059967
6.307334524014024
34.187249878845996
44.16010938447736
26.873077442636855
42.663862291148085
12.832019706731028
26.321689533734702
3.190444669791389
25.735432143748348
14.002203481224884
5.298809491006586
39.66797502646369
14.12585398207688
11.29672007307795
2.3701503441771608
48.447264102480595
39.91023018907039
11.90256151102037
46.34697783548433
6.481030680417986
5.584682138555106
44.12015358746301
17.934922386034597
13.129114424165772
38.656293215785716
46.76541518399728
20.211444202580136
27.643449988538887
4.15577556524468
32.51917496571895
5.073421868425707
28.823578842685503
32.59171139535049
22.377904324409233
16.870162893141803
14.28933748062683
30.950955174517254
7.602370478650668
37.527752951975735
47.87675842093402
9.66836048429121
39.670231898213075
6.297178263473017
29.25847512030805
22.131786196084327
46.96226380871966
36.53312534494729
4.085444876654745
20.476644995360044
8.648765160343753
4.113968539124757
35.18563117649339
28.409552644047274
32.026247470546004
23.635143854944268
1.5265936496953258
46.508297522949405
18.136673756393833
3.265744118495883
32.08412067843467
8.8828403920974
12.131984683716343
4.112745004761187
11.021585226246465
21.70266666216364
17.96413052754966
15.808407231123983
25.024108476629827
26.349061171163495
45.007955793706934
23.005961410832242
25.514188289721673
41.72399628284868
27.207666896596848
35.40329265970436
46.598675897657586
31.278525225908297
22.25695934932558
3.222669003252049
33.570939712302724
31.910252153325388
7.280259782115512
7.967457963038187
35.61903428145307
49.710705122025885
39.69007778649281
11.083082765092339
31.965644094902572
28.131575203332503
36.545268450925654
22.397756801976186
31.97946158754243
16.833188770684515
27.079772935341026
9.463363372412894
16.5494089782727
37.99145699571567
34.72658476479911
11.791391065511295
7.934742255901775
33.74065736154895
45.43225815881334
38.10662422517831
2.4864694227974886
36.13212008481683
6.429714417348176
2.248731541536228
41.47946676548482
14.76653369762409
11.006223368873174
2.0966136000015965
25.09740060099349
8.47359217470417
12.365697870513332
23.056784625129435
25.86107899880681
35.61734415824627
6.685243559558499
24.01400439847382
37.56608713498532
38.444977818351795
34.13692802535342
14.923107600817119
27.193749443297335
41.05962233510702
16.011446521306475
49.94717830518896
21.08856201206142
9.393571950158773
40.398910303247334
28.942894640116798
45.87904864402066
1.7009824223256276
29.199577377091597
6.54512192273951
31.66729771255445
42.489562296851894
49.92251595778566
37.27273614443469
10.39791812776412
13.975077563899244
49.86961295521616
41.97010993382684
8.34845561567583
30.521606451339647
45.1327640835592
11.625606630539377
16.670053205050607
46.10808229898263
22.096227592007775
49.18434552702545
27.532814916677278
20.7081689160795
27.52340725219213
49.89146852963554
37.131313604106595
6.442767709937839
46.87378110913338
22.021204052965558
38.16422459584211
30.986715947681038
35.48281715857872
47.035383219788386
2.652225896165347
29.269004098363588
18.778493600735942
24.631599812941577
34.265371009540004
43.38982147508519
14.09459963276759
25.752761426484106
20.637328378837893
27.708039696593715
13.431796232635838
33.16636586732084
41.21915294692724
3.471279558975219
40.66985956165499
27.15637287686353
29.12009465200903
4.603876681117033
24.92166280774672
39.13900877571298
2.8733183104703626
39.0028338446231
5.726202794807116
4.023521485885622
38.05169139118085
23.641585875269893
16.74078917428183
13.556736369882264
16.935395592632428
16.094904908830994
16.0798100841114
34.9246636369702
41.31390379318345
3.4581410696986143
4.109069771450488
7.117514647191745
1.6341014646371335
15.624033669663518
10.023728806906869
25.57140633529886
28.372900599596505
28.057515013666286
49.85974877878155
39.577422120019456
32.99253355130821
33.44089618345654
19.06818283772832
38.340111543634016
34.272335442144275
25.558375413539025
34.7946234452509
45.85476737060827
29.262465740994198
17.52091186797856
43.85088646391084
41.726044037435784
24.960920167804957
1.6778633264164384
2.1861923588809438
40.498095906727976
45.74731030121048
5.004830495856798
2.9353784653719854
39.68720335840026
32.77273194319894
11.073843131593764
22.407832501389986
30.927473834370783
42.86879853151123
27.77471781104687
3.285136940263194
12.980407918443898
20.12518123777426
27.951104482241213
15.822439599819315
18.679795202384827
12.593082489330087
5.501617779496296
26.693056200820866
47.38235119605438
1.2934132610571831
10.91354668635422
31.487288799628576
8.634344419373623
15.210989692221341
17.558855139135165
28.092550724120517
19.21594077060864
6.713648375733523
23.933372109057295
31.171855217267122
41.347682315321244
12.484700448930658
19.741993358825326
26.67482344555884
16.569044005419023
49.93083355220736
33.78292823297147
48.13930865021058
46.70746732815898
25.622984105261583
2.780556400820183
15.056945813922214
21.77785746479891
4.7388579358261715
18.408538206640447
16.34373987533467
39.407162703310576
18.151474002801553
13.423299856982547
47.04312598112755
21.3625445766177
2.8032060794446227
38.79090103246709
2.884482422490179
19.342546844729483
8.962417756351293
17.03361111988091
3.4241058524395314
36.268747451487776
4.932924836254411
21.190537542414013
33.75630832025064
25.077054408826868
23.87458601144433
5.0466615446908
5.5511169138256955
38.193993772278624
40.22067355361244
28.1845732527389
45.70505570410673
18.07777212371222
12.231378602706117
42.359224056746704
22.088334489209238
24.699632235589267
5.24117614326939
6.72151883413679
5.042043101189057
39.078325854376104
45.785444801586884
14.556955288383872
23.83901857341534
11.426739317940527
13.263877134752637
41.28846842798696
6.6714253780804675
39.3434500630472
17.50414310900013
21.996050485931168
39.23489663752166
14.13648746999684
7.754895440581283
32.79572538811453
28.10806976740658
38.51112637052855
46.4257128235585
35.56998053174343
28.257890404043792
11.176505040343937
29.630378127056815
34.52203070064341
6.4564076422233985
45.625349894337766
11.393971712161093
42.57562871399985
30.590731686444354
1.651622130941474
29.098896377732164
22.959516097573058
18.596061565339234
47.506822047287315
41.00020229123492
26.23166813374728
8.552783255876587
21.825549692092867
28.23376148003209
20.4562232684262
27.171261941281635
32.116230540943846
22.372395765887905
26.780944931018446
30.519099132642836
16.762307353994718
31.02120882345746
14.1928298125488
4.043644792428578
13.323357683010514
29.25704233366001
7.893617939240196
31.479971458934177
28.657749209919647
39.08976207154507
24.87777065647476
6.948304805233117
20.56944477776312
46.77369768035536
17.875848704352645
2.1810329214473185
48.83099008929189
47.43556311503252
1.1540581113800819
23.527504043781384
2.1513907325008583
22.435340424276845
38.562906111155364
36.36834183297496
30.93737276104524
46.81031202097373
35.98823721603394
33.08076013712786
5.878446637017402
2.5456027986638876
6.276984773679537
34.1016155042608
32.8335903350051
38.84093704483322
11.002568902131499
17.138040457104307
48.72997479014743
10.72629977608271
44.971999343581274
26.77221955256218
24.61430999515687
22.192551390772664
37.557743424134095
19.165971296607573
6.222724472723291
45.17153390176976
17.020010925020795
34.01029036728308
28.113367178577448
46.004594679264734
36.27018657237301
22.134473733668003
22.43372984571304
33.7062422790921
31.97188320311291
19.639864096597513
37.19998157826572
49.5773644709016
36.31889029951913
25.91302198977384
16.570420079150384
12.162951360906668
44.88917130285577
47.49808998706769
32.20075248324629
11.55505661375697
36.55913032844761
16.235780591676676
15.937358722926074
17.23614551698443
13.5237774911638
22.71536408565302
24.346184269245928
2.6186335367194244
4.70640977975364
40.58459039792839
40.60458567531219
35.31931719869055
25.74221750054047
42.19939790895164
7.146885674970355
20.60977134282833
1.1297440544722668
31.258080295295997
38.53901601765574
6.6743960066490455
30.58099262752201
16.07590748562693
18.23334309833366
33.74158477314254
41.751671913887485
15.010139744648235
46.0873970264536
23.34692991338338
32.80567084023919
44.4353671663829
6.928713642442897
3.923316355792555
34.43691228831057
28.511819647667338
8.304426138194351
44.755714227709525
34.220016909768795
39.12701614735444
11.083707031530126
47.03765175343934
12.001601928149833
2.6546184711546754
25.44904592452914
1.3614481260722446
42.24084499486481
1.048685429664262
24.425289683632627
20.703791224491855
38.48110140008304
24.040427069128963
24.83041205652199
5.968773674349426
34.17965660059463
12.23197936293018
44.84618008736202
37.09625276296211
5.768406595688673
7.259619644854868
17.090380171944187
39.85958797347745
46.45675118874466
3.8888814498424766
46.94290065047508
4.911455932017122
34.011832633170556
48.574497164448445
6.821532206039867
32.22942380558818
2.088426305790538
10.302204911694831
22.855409829299216
28.35958748611822
32.56418061794836
36.560902327134414
12.69005616537008
37.473246769823014
24.993287353742375
15.041787889368909
10.263798059377402
7.530110941796346
41.141292828574116
8.463552191196438
16.86791113067357
21.971944969276237
34.83382467670892
33.75531963046561
48.21641657057312
5.928654303463435
9.203682369021873
41.79287612670126
19.57623367670915
36.39043254722966
17.210802455257973
18.25476948397417
1.5790413563155916
2.6493747016402134
33.78210308200153
25.430480626591734
27.2221519321559
48.026895081821074
12.650057767922982
43.80332112980331
16.766668662269396
8.562209091521769
18.44830613306869
13.781557899580664
9.6716953766653
3.134289797022583
37.53338680287226
37.5562016301185
21.416772351921683
47.73476454408465
11.072195561010275
15.54545735699763
37.3025536363611
3.760871644773419
4.967938584192651
9.20443582642023
7.961070202685557
44.986561250014475
22.42391574162974
25.695412318715686
49.65810207615418
1.5472250085205088
2.727741924215975
38.15066957114462
28.4949466723966
2.124176858354813
16.400984417440817
36.630956760837314
28.588349232378672
40.5582234534215
44.43012291354686
25.01327304355102
10.556137525934302
6.5751308561440505
29.482568763567453
18.764759820195827
30.817329945781918
7.106311758783926
49.37041917398075
42.944789762616
5.098262338826362
32.27647634591392
4.763299666946933
1.4920225510003633
43.02102476571051
12.784437338732861
10.077177254894194
37.03559515158867
48.32602504536374
22.917904497504637
28.41753582554365
44.5963322551223
7.001728644020693
6.511875994805395
27.890315455136214
23.892243707529147
32.41925895822213
23.03961684048761
35.938334566643846
6.451235606688394
35.65680834647023
28.3133486279552
11.063172117010545
34.15597296047364
28.08363178112536
34.024137256135624
45.25129815024302
9.379585321964214
30.221963301610344
16.85052138482279
5.391140320563917
4.505903550795258
25.539103382453288
4.49463868795215
5.409496647314139
30.085511043961603
37.68482313246823
5.551485352583103
10.30594656030604
22.37227423708483
48.27111969021552
48.866953614672134
22.90194338180762
23.3806457868385
4.8279932572865025
43.764726217870134
46.64854450416267
20.699817712352758
21.638540856969705
30.83611084750757
12.715194191350708
49.06725877308433
38.1218774430564
36.348269500373384
7.301041438414147
15.058997808055729
47.59811199647724
42.4426544484324
34.459860500618475
29.71948012984016
31.31869360618704
2.5421440861777844
20.43076476718755
42.274931901860484
34.538348342106815
2.915168967078313
44.187762630130045
38.464973701110864
4.946189998380104
21.159369084752655
46.25920158245531
45.25427920071507
11.590817166091261
42.214986490177125
17.417366055360727
49.14466247383294
28.447364853822243
9.441073323623925
6.078307061184888
38.43038267238922
48.51688143007583
1.9562531237625271
23.085786433847986
19.351394186941217
5.693549547506336
42.37056882543385
8.276055094078416
49.36471052063676
4.1672317751806585
5.673306975848364
20.413458276487436
38.59277205289561
2.619831106814442
5.882693875995363
36.34424007729133
36.254339662821394
7.059752287836812
2.361024694931004
12.025776544363382
41.900727794765345
33.234196342740525
13.704222968766423
10.750759409261983
14.564607422965102
6.969656358397723
46.42768042081997
39.9858460417096
4.898303727716426
3.353819050225359
21.069677816265003
10.91950280171547
12.946005399369183
1.5991148310644212
45.107197396717226
2.9348234384674807
30.464303564685217
43.067288393638115
48.303457202093355
16.076494635807443
35.756352664542746
33.94517970458395
31.507006967685204
17.440434412044066
39.55042559473442
19.837494550681892
10.552848221848299
31.151804985048383
48.026539005899856
22.22802442498566
38.329070991402844
27.548812598513
6.110458194475111
43.699021481959356
20.672554475211268
36.91993962219881
29.274467220940025
15.596101700163183
45.50225513625011
18.439611625931974
3.0247455632485956
30.968044659995307
21.595841919092337
3.3702789987925286
42.72893772890325
2.164282629618521
33.60470111909602
17.32309947518013
37.76582911697315
5.059809054357686
3.307681323829697
36.652644940306615
21.762980910773013
31.67197407692204
15.838583925885521
25.751035061231054
9.86812776363961
30.2354893473218
27.073016254891225
24.889420100754702
35.91909793414298
3.872236506334618
29.52976972983786
25.697679828630946
31.187086494925627
22.588817687275384
37.44322336988305
13.556573932798825
32.99161100335186
43.89704642836739
12.117774429353254
36.96992020106007
24.01876524515313
38.171715679975215
43.243941768965115
28.81832006858697
33.630725278825004
24.933453514945597
6.145077671277884
8.97886222099848
9.86349190332581
1.88926082807593
8.012118978619245
16.373260670787595
41.166145878433824
15.623975402123135
45.56807151188517
33.128946525009866
39.89084743431991
25.366519270038186
47.24822465792282
24.06451982441272
14.69076337379256
14.72827536083838
14.335082692030545
19.587363641364377
46.08647932058348
43.14995461699327
14.314771576346942
48.90495582190015
46.20342248790914
47.07122968739887
32.64528894923747
42.11462594973495
21.20464891278503
23.472742855436824
34.24294095222586
29.618678395457657
23.85220732266986
30.91309747643933
24.729344808361393
20.032390579893306
4.8512655828103455
30.871116785981012
6.098816078096311
10.644264347135021
32.86832576338384
6.816528524756591
26.30397076560877
12.6614795411278
36.77485016674024
46.776410862312765
19.340983843343082
31.25295452497774
14.149942238394482
10.026238652067159
23.26212350151095
28.86620619772983
32.76743130197738
48.23215464565356
33.32368844050838
29.211332750771884
10.685422021526607
7.536656384457846
22.65302395351457
48.983681636897366
43.415890899565014
38.56523661618076
46.303817723814916
37.15205684447619
43.778790020244
2.830332666488676
6.901690360679203
9.974590783777579
23.55278164485647
37.53359526433012
9.162990999743515
36.260659757065234
42.364235399266484
1.2444388116910248
6.926910975847385
22.180645005848195
1.5674520768591589
12.656398685446721
44.86844718822619
6.4274188018745555
11.232590172636868
8.765263208047628
4.52985127968152
47.03592359643917
3.320459483712138
9.42830283938013
49.20123525770599
19.769967989522037
48.607285443822704
35.979209108843285
3.1988243958319282
31.07208311178242
30.479305264213536
5.526016674697672
48.1732033216961
44.866761561049785
49.30226672254423
31.035060678412556
36.84040519242913
6.455931819753788
6.5471525466171965
41.79698630372014
6.183345746621528
42.71412602095953
35.050259631595665
6.685610117283022
42.84658005947882
36.925362063916566
16.252620808311967
26.08648714240927
20.291908531146994
38.886848111633334
6.35037721429809
24.21102234499261
16.87254313802817
2.861301761946718
39.6585267588327
20.056757673326192
29.229843056934495
11.211327154109668
12.343500702205258
48.598390250944654
35.64836265619084
18.86779354296427
5.857099214740559
30.168983062385458
36.88181171775734
48.24646690058912
27.361969982175683
17.282635630080843
35.45841340048761
22.860684099900013
46.85382626032641
47.83636837344668
17.464398702036867
38.383027264101365
2.97796561142761
9.19495864261329
25.52394057421385
19.490597400517665
26.373018384880517
35.97107998908739
5.889746270410052
9.902725012381588
13.226453470912872
46.736004573131126
47.11485452959003
48.415696918720116
49.665495538133264
28.316010427834566
15.430994574024922
4.804457964571243
38.93492467830763
24.062982674144898
10.446984830383922
7.862617609746737
32.37634201539602
5.507172510389468
38.75790482245674
27.50331776696978
14.445603764973509
28.430110027135285
8.474876582039819
20.79755484820408
20.464694814856976
38.912749617354756
37.23252735339521
24.11682230434966
30.790851160522458
27.76833002435748
19.004258789771164
43.38329082996235
12.194385038025633
11.19866356991706
25.25396329069024
25.26530273324869
26.645133390374056
6.53970199678765
41.43765431190732
46.26108858326803
14.838586379944838
22.776866313689773
42.825963816244105
1.1787307237023472
41.51428135173176
17.08387907545241
14.802981131031059
15.952005326664297
10.359821229021756
15.370243510956229
44.855488622792166
42.77967103998885
32.250310847269475
1.2429520967350376
17.239719156536385
14.301302899834086
15.086863805591916
14.936053497683398
12.97789450995322
30.07170822998039
16.109559877383617
44.40127413767934
33.82204713239443
22.708555345104187
27.38123032101479
35.666720175343656
11.923485513357807
45.89908925789526
18.576885357164844
11.46041518547527
43.83705349476842
46.773566255118496
34.55001930794694
13.221373338214592
12.486701471115364
16.535099644232446
3.951695509944447
26.427758369390133
38.718860129734225
16.384680714979712
46.7622923507563
22.649313743104408
29.149034031074336
15.602794575269476
43.427583509750626
13.386099504233822
49.23011908465404
36.62195731588726
7.575392084557148
7.658581038534333
25.076362856955253
45.62307728037619
13.140770618445519
26.144021218992762
36.956799791073465
40.77600450910223
21.67995365984121
1.1404459229335935
48.80103348676133
13.718500234390387
13.323677037971182
20.3855803446137
20.58416843019383
41.684793382575535
2.791242649335617
29.99753716443047
38.01081639120987
44.376983113798524
39.12717723274933
42.32260865045935
47.200661787113546
11.62381024092036
12.697575886494345
6.318586659420604
43.729171866792804
17.446244639270137
31.825239848104555
46.116019204478405
2.1303385235621985
48.63960030618616
37.74299189978483
14.986295166123984
36.3614364268541
47.51968071134459
23.141412795174777
33.74825097447754
21.22209628400709
22.585743347343275
24.987730220305846
48.13393424841192
24.121978548074306
15.485689446836643
47.33486024489885
36.522258474481525
29.511864280488716
2.0321243361849914
23.710805763814868
37.04377659456091
16.009506692533527
32.29749721734377
23.02592847260517
47.123651763543506
33.15220217168521
9.937299557026348
28.57007299332948
39.14065954945678
14.957009625209151
35.30068671564826
39.69849445240483
29.67174113245762
48.35033719799011
42.02231913338914
14.279080118118728
22.250579512063595
8.172661615270084
8.980320865881819
30.595549921267082
38.35779867477222
45.973480910192485
34.96729425967903
2.333361776440544
30.626608731572485
42.28605888251803
5.791706390365416
42.635371920795265
1.937131561457405
44.852876437974544
18.219732658960357
26.851219098532525
21.267630917703904
20.604511781064886
35.10377171140942
8.914595895539948
35.92567344134345
20.85277671695706
18.397732184452416
12.608646327565191
40.94846001933632
17.93719044753229
2.949711424327006
49.31029128277911
23.177498312265364
49.11685537278734
20.257601380717773
26.0158854374394
4.694332905191705
48.010342208408325
15.270152607342155
1.6334423635617898
29.00795029989984
31.2117170770464
38.525854587744746
5.609894552669922
31.37772114010557
25.85529792375946
10.560297754804925
29.93492545362976
49.80938500170334
19.559450275302215
33.6343027655733
1.7171184938894606
5.543601474759898
23.76069877824858
3.4610255240518644
1.909218410599345
3.824809179724297
37.54298006602399
24.520241124184917
47.02045702131268
1.934752097603709
1.06312688134537
10.719366285607377
44.34273021333943
38.08792017185872
17.536142752178733
26.719181750389538
9.418474278828162
23.93117042672189
42.93808736569789
18.692132885054882
40.42981677610107
45.54872535628406
30.507641419936544
11.14801625427108
30.64035893855172
43.51322761980773
23.183529497142928
32.473781096208214
43.79433565310895
18.910234131729027
21.885319292327132
33.66905112717798
48.94221772937646
2.6584939726438526
32.13829461637466
31.91296440888991
17.08482941163181
9.161540020984706
10.2800706058994
2.154819261594135
10.296459064826639
15.200600379569925
16.098772735916775
31.539326092668958
43.46415217635539
1.8519802430320567
23.89411092576519
1.8458198210772738
40.9990365414051
20.958748573905748
16.361887587355255
32.48088847950433
20.900896696727663
41.57431000014217
44.721222333572186
28.570987885586128
8.614255804091378
10.904218227782106
28.435835880262786
23.874581804188335
26.012063552514867
5.380003144399794
34.96805812870794
32.10124574173744
48.38164250429753
3.9125910137445787
9.33416561138861
45.249589294895316
7.431797472714217
10.16214173638156
13.789059159198022
47.638315739320255
29.93517819218419
2.684756047596955
16.673069301353866
42.20167319249968
49.222961099892856
11.620825743098763
25.888941800917024
38.84483211606669
35.520545494060855
30.826565010318994
31.346696894130595
43.84074501902976
2.217270948687673
49.00655676909941
3.4252848023048292
28.54262249296886
28.36080641245072
12.814406601919636
27.025373226424083
14.333395891348328
36.74884823565276
39.28627322405836
11.75411735212699
1.0759078178372816
14.790234853469485
9.971941740623013
35.42716637870004
17.700896251041797
36.67831862710136
10.051573973846088
47.5942773143807
15.843409783779723
37.20206831804658
19.342767801954672
45.46568288838487
32.49299115335985
17.83386336244905
36.89786989317174
14.354430826958447
42.117944655988566
31.44455403096976
26.008285281344964
46.30151052280846
43.56041540358413
9.066083905734704
21.845586212848296
45.67193207282446
9.4210677145408
24.79756890447819
18.83619035445391
27.004907489480427
41.09867075558031
15.18219378973997
38.272462735246336
11.02976482709387
33.15429161745551
19.435250520427523
11.20493161124299
49.937887642496555
11.115973740118436
8.97111032064203
48.24291844857323
24.849332947289046
10.326530316651121
22.060968690707135
14.608554183807204
19.84568069821215
43.23727573190765
40.064709768059615
38.72734367569593
7.368294573119134
8.690974507582087
18.212829273802278
31.32288317661019
32.62005275054732
40.69485212287389
19.165791781736115
16.439688320138668
34.68802006173105
24.68925774746561
9.1230871074573
21.888809030460763
14.348594213381318
19.413987328344202
8.343360507094168
20.938081818924758
2.7194007061986323
7.685667370730221
26.4659223079774
46.39398154291953
20.188886931163314
6.82004947269318
30.76311203379779
20.162695750507076
35.56913121342963
21.86571114552949
28.62803289686116
2.9390368296951683
10.576245864050415
30.07742813687001
28.01504392739213
16.500073729812357
47.07411459610476
7.1082694912868165
43.764632472336125
46.48067872169806
48.08708162759522
4.373796634365304
15.046337211217088
12.115240437591444
35.7872917884952
11.334776300294788
10.014305820662255
26.407348778625604
11.00833830558427
6.73263353012536
17.086914986818456
34.53262312411053
26.539485029801575
18.592802222857486
12.450303739071737
46.924018594413106
14.298805476405114
5.661215209050251
9.647803287701278
28.207006131793534
28.957431213484618
6.426921235413238
30.687264877754323
46.04768631444594
31.586969278752672
36.861757346090826
7.428500598844384
11.100960794404756
23.504210911654702
6.808917329533246
15.88277396488636
37.48491275047738
14.43427904706152
1.1284910627953
5.1774168987134965
18.435530570243152
29.11011735780711
14.42882051721724
24.66737806587003
15.081242722834851
7.243586353559277
15.276432219172118
20.187081217992144
34.851760555849744
38.10211036241959
28.264873929276185
11.95797836327253
10.695732453378634
29.478201734359647
12.546371578171446
7.279483070716816
8.954904864477015
15.624740503712255
32.38849788581718
28.721507821092736
26.18468246327283
10.51530195930565
32.16958546150177
27.978359302571658
2.0882636790594686
4.942897679187664
30.678768420703705
15.519566916282276
33.13651464635575
3.843926016676024
39.10519133742345
11.223147838000148
8.14916968282046
28.728983051593364
4.731233002498173
35.92278094745406
39.1456520274214
26.96720334592927
1.2042005753886627
41.00956483681698
6.530812220275488
15.13153752255436
22.36327776954275
3.575245574268762
39.19431303702221
35.947032208034976
6.4333042290224745
27.70173767447278
34.60245600208798
13.424778638888384
21.63759681077333
16.914724806815943
28.066242106546195
20.83046461710508
38.17313463225147
43.89292611389969
48.203859450883286
42.76677090036599
9.202125755482397
34.29823837675445
45.878461483628676
47.73639137562808
32.694852146389835
37.95110902630343
1.522082259705718
35.284682599788425
18.181148611638463
41.627255214398915
21.475814723648025
9.195955417208012
45.73413821994795
2.8874692298851876
27.947997051622416
12.699637677088054
34.43486291055966
31.82656466200204
1.718482585511302
9.113606551409795
48.281312656068245
19.5961065984749
37.72320248568345
9.310857099278016
2.1016908832626333
43.54781913265596
43.121456683999895
10.365173045596519
18.666022993382974
47.859657532235126
27.449397811777388
20.178052289903704
9.096357108130718
5.5773347044711805
21.13417965466961
28.760158861258503
23.38098654608837
4.7089995558417455
7.462956779112982
31.399384173958843
23.764748359728625
13.837621669828183
21.85217349110848
47.35192775985719
35.84168958557941
40.7921107630586
19.704410879844307
37.56131041078425
10.407926022880138
21.00417197137763
43.995834183702506
8.523667824882192
5.30174675194781
19.62654232747772
48.29309258643189
26.740773142577375
11.632622773603847
41.30452731327902
20.57121527127178
49.32707891599632
9.8800822095416
45.96963776284125
4.70973309226715
16.252244763808463
21.586215127180367
6.64318014620423
31.787770280441215
36.54796610445596
38.56126040321516
30.214795421505492
3.6392766252846735
48.28140525709886
16.586404456574805
40.51592988386394
41.707405508468526
42.52180135635496
42.809728192260174
13.381726060320037
34.86168901081229
1.6674261646627087
45.612911979422215
44.65810992597613
40.477721510471866
22.480948123236562
27.176865566831758
13.013549551502946
37.2863197150801
49.65266560289315
28.666943132772765
28.118793812269047
25.20863619177913
27.087557600044942
43.099868720196504
32.705690383703356
30.000914165891846
15.074848956911868
31.753646691510625
25.441064532712456
5.6682313096985695
12.268685323070565
43.76044449260104
28.676142838179818
33.973111978574856
18.372212018290057
4.621455832668126
41.541138190209594
5.976741024260669
14.34474222197548
4.610913637417961
15.955847242849043
3.492305695214169
10.640800810776888
42.11059086307435
13.36663643778127
49.281517240469476
33.65353990862942
23.316889255239616
49.998888576144154
1.6808390408200367
15.55978936233048
33.97795651513192
10.519645900590849
13.305183983875924
25.048159109576243
34.68140634571198
13.89555204095283
44.21469417078421
18.510251118834585
41.81163394925897
4.224908607920457
22.79685305398178
3.6780337253157827
25.762279468001996
15.736609075919255
42.61393695265913
26.53724840935977
24.98350457844966
45.897036567668856
33.61283935806722
47.71223764311642
12.715077612926585
6.41074277288236
41.632134481623325
12.365392380476706
4.996605554513869
42.095473123338934
19.072493954250398
3.2004487500515113
41.26205282239289
43.71010938375603
44.06950820744453
27.698766938860718
25.50293686397367
5.377384060033073
29.017529192251537
28.169855963456047
41.300881570113404
26.973330157728583
21.48929688288205
25.987470275450775
24.691415891021812
5.632808448422438
9.033467905721857
7.97378212073997
17.03649926208989
19.637426738969175
31.27211031366058
43.58454639527402
2.1221240024561823
20.790911163149
7.321908573161651
7.684147119116854
8.746164808493154
20.873781014820946
27.128622096146998
8.593966089673275
4.479221229102539
45.70754458952669
37.90002406825962
49.49633037328723
30.421338167219446
37.279523063746566
8.373719481804942
29.45926788519679
14.697558462022359
32.24574278528693
2.5347704035625593
37.54931186317761
39.183868588846224
5.697701021461489
9.94141471705544
22.127718266150875
16.96681955390475
35.407586220385554
34.02628646924864
14.715404361710425
30.68463360932146
41.66909369708772
35.40429829330108
10.064922378804656
27.234020410607926
24.20449004669469
37.557537305555115
48.86576467899599
18.65494907663726
11.670676854379414
5.169660025733274
9.730157266079718
48.56152062046502
15.27080530171792
28.98985812356826
27.996654006555058
3.1097224383373985
18.363863282300994
22.388626963591644
9.487775419713476
18.923098917218375
2.616152968144542
48.7357893368002
46.86330336712273
2.405356039931598
6.498062059368662
22.072677272226617
35.36471595909484
26.680499125876004
24.42938459101338
23.976511038419865
17.21315084617877
4.073278336747462
28.331738134005064
25.116460704714715
10.946621921093223
12.848086626237922
2.6851360460907214
20.031490990914907
6.647694958920054
44.33701804201646
4.937285289810252
43.12481648511
28.57536589332205
5.875314544057518
40.985381703470146
7.880449318908822
4.526673659806066
9.280957073445666
21.119349503367324
16.78452358552086
31.011827977083716
20.29669284304594
16.48542663158353
40.456214113928134
32.27799725638031
36.47043864490498
23.493935151059144
44.986009301559214
21.029762505975462
29.786871324234195
27.812645833367313
18.712184568588235
32.42061066555948
23.560033188323384
7.526815597003922
25.47442937619674
30.256985020804702
41.42970124393219
6.561318464574739
34.18181372776712
39.953642627521454
36.471370129340855
31.099006235588718
26.10014032209621
43.72131014232237
14.967340297839202
26.50515891501703
48.960259287483176
36.24982883068819
32.57911801288712
28.835870141375732
40.056775673243116
31.43744199684013
9.188747892991195
12.966011107756175
5.415865405486078
30.671790913641953
31.603120943899754
25.30546969245053
19.80283026375041
16.54609191956066
1.188051257594317
43.19845992171738
27.852103668683
44.11672366527363
37.267920856834905
34.57547533427484
35.95002974089022
48.92657959403584
36.95230709016206
28.420692185790312
49.793112183355326
9.771271572594978
8.962131489483628
48.13168211377926
2.946785321539254
22.933676900222167
49.66109527287725
13.678075639185394
9.833709129701063
11.716938953069295
7.97480838185674
39.269925302712885
36.468716347066824
13.22663879860302
48.1630898165774
38.66381022544256
45.730784905642984
13.754671409590069
23.967240072432933
37.694667148906404
8.295208491646196
11.201900584636908
15.96480357051279
42.5578159058685
38.43176747756614
11.089744137312966
21.18795507089554
20.192771343437958
28.272800104480826
14.158843799744458
27.420343601446866
46.251340035179105
4.064596955311061
7.753973669257812
39.76334843548263
34.677870060522686
18.710753326709572
24.368334191093126
11.977985414340417
30.04579578560338
39.377028093097806
27.15349387885739
12.840280610197482
34.09667724812922
49.90724430633848
6.241688164047606
1.126482290322027
39.365419712015424
11.90638403348189
5.643662363923567
17.700658580251623
3.767896109241297
31.92968453729819
8.414226519604233
41.33815998310165
47.747085026411135
8.267483520243845
27.53550600185373
25.211647841389993
47.89990269466263
47.27757583911791
39.79447796298509
5.945609592476921
24.94124132480215
19.96685429591733
42.37276347050909
24.68036821907907
27.285376940638365
45.39605738303913
22.71940370884062
20.169554686658486
30.919521626681277
31.006819682285677
43.91620502469343
31.955105104369462
33.353340282203455
31.89962569333354
39.44258574144161
32.6758644901513
30.45843787920566
21.963149315619955
35.0578942016373
35.95579608284918
48.8162601098016
9.008742211395646
31.493482444398772
35.92676867311319
27.529940455872797
49.26122177629806
49.769504421167994
15.641903104335556
10.490255077389545
48.09496166368769
16.002083523730455
19.181384747264097
29.08020762990315
22.811038510595093
49.71008437209987
18.665049729074106
33.24592045828295
12.23571934588933
25.175958033231346
27.773442297938796
5.191025308860685
49.113823345198995
35.05002092453116
47.97220841547311
17.428491959499976
9.722820875017339
4.321910857314419
33.27274607201145
34.34138631175606
1.880776337672816
28.630654915744937
17.533839854141387
46.232866095048
40.220539477300626
33.447231658278206
5.267835253483843
14.720993429468884
35.967423331517864
18.21070381249064
4.283370337786312
26.30859689739497
38.19670511907353
45.114357274758376
30.18941524935234
1.4343020495632728
5.7944775710998835
12.394599753031287
20.88013199039608
13.985920840684512
13.975846784267745
31.710128940980866
9.828546289620387
35.0697292852245
30.04259335670742
11.579921691110124
12.632332141502125
14.171988790350674
47.16568084850802
38.371591983096245
21.799927266435386
15.021345149539448
5.583096011719248
20.597841076016792
9.912423043356318
7.141663027352826
13.717219379737621
17.398729386030272
2.2107927997972903
15.585086961658126
18.06051471754985
44.10307982931886
25.445818764309074
27.2827429108373
44.49580790541495
14.273418887836616
28.569436043055028
5.675738497839213
9.845440604804562
8.578432020839442
40.38897240654074
26.208903192539893
14.015532796926426
6.998345659397774
16.00356105438476
16.5376886743422
27.980197013082922
27.3426955581633
2.704883379108448
4.851204822714882
31.1795398229677
16.247006806102405
36.432494009585206
33.07957711368504
23.386569952974337
40.09658862168414
31.469667937392458
18.061121067404056
40.885800614541374
27.787908667912834
37.534687691403256
35.76328085525545
9.582454486538325
49.13295959820495
17.556243652837885
31.086779316205742
23.47242802003446
35.20113387944115
19.123876148865392
2.0443023278312578
33.19598474712117
44.90419311392707
25.733407518707832
34.03651753509895
22.88341787984665
28.219886368268416
39.95949806236025
25.458360480299422
24.004927105338187
45.94917953059611
18.691130380062553
36.718245592702566
14.065783505392545
7.600214673576889
24.991152160596247
36.94800449509821
2.7380873461916693
15.163799396969042
49.695455147906856
43.73079844518432
24.387696474464303
27.89795455762671
12.852311397631642
5.627327316713146
19.118947600659528
2.7812800249118874
36.910838119649284
37.662321663959894
36.29055094078991
19.311703692949138
36.29957980049091
16.265042051780807
36.43755332388632
3.4740104049775766
7.218006210896208
47.55708576431871
47.51048410946524
43.62045200991492
32.35485101693508
9.893560159018879
22.131314442206246
8.200645293145683
35.59045149037141
38.46077139567852
32.99000222565104
37.33998071706551
19.83886412919798
43.282965645055356
14.729187836906931
3.4262768494708675
13.256369449502916
26.72500924711077
8.317279947046499
10.71032047706627
4.551408983535945
30.278464614964598
9.25063495745179
48.758787686925864
44.82268581952313
4.755727074699353
26.74531750232908
24.48873436645993
22.5317498362135
45.162704362745714
29.933265668290368
46.46258353227382
11.74145059001319
33.01951744769916
15.989661529536848
10.525329790337663
12.012190058480106
32.06621607605571
3.039401755677603
3.507159673232488
10.436409284044917
3.0060998277906066
47.45857574352902
8.627646000175744
37.9341961444081
47.58447258226443
28.704136578144013
10.015967822040071
48.072127245292606
40.928658674539626
24.168304688254125
21.75889120720295
35.35637085435524
29.231960189472176
29.34383241398511
23.716199071217613
42.96171927002557
35.311180093046374
34.101822499555766
41.78404989553391
36.59014451978831
7.1480384077492545
19.28140669705232
35.529325114667806
12.682591212268811
22.840243216351915
7.64905702165274
31.203931164245567
33.71906116590268
30.83234028376397
41.417603865077076
1.1748909934617693
14.501960432439768
10.282426757112832
22.382781546122715
27.034463352761616
26.35122546776706
4.842941252438635
37.73313904867531
49.95182809537123
13.100685379902131
2.77762599997945
32.19478867360679
28.135731326884613
40.190750870281384
36.89334525367485
38.23211523378088
40.95701810484621
4.509587691149914
31.168070449786867
27.24847680885965
46.661394404151714
38.944036357174035
29.925065248849855
27.141135635025947
38.80855994390522
25.267071803223363
9.571619030056869
12.307870334560636
27.83565828251767
20.994504476288604
45.6201074935006
6.122328023919722
41.79958401221395
2.867499717535953
37.52630612995218
34.36809500031193
8.909595975807385
31.620568144642164
15.356488447182494
32.48287153371818
25.391503848653212
4.264384809031615
47.71064846651922
24.84246801708704
32.798785787002856
35.06575973544499
24.136381890856114
32.94843399476564
27.559971321466456
21.771504520764854
43.30594732343677
4.5432590437798055
7.083094107553149
20.908550339573196
26.6109088624776
35.181942427313494
27.313439553598123
11.499819806815998
39.256614646616256
3.104231201965038
3.919346220075888
35.2410867346828
12.446986561737997
10.094091867476443
14.29883727277394
1.4223332567662528
18.82839519995473
38.43899659499573
11.096521707924278
31.198144213324902
2.2241867858290005
3.959774649933787
35.460721555146065
2.476292429287616
43.37412542614479
49.71673415841536
12.95856635697145
15.418287475118763
34.325324304983155
18.243259793132204
4.183838992924469
20.626962134154997
6.960080480510108
2.1797159334154914
29.542222991751046
10.437694008885067
4.934893990828446
29.25633597184992
40.82043407370464
41.488269301371425
28.132242088459186
18.223785512221337
13.820337205840833
32.937551174325876
6.168398379786255
17.202684718750263
26.70600008191697
23.970133143007978
20.337191641598064
16.8481471401667
8.689543064924722
16.497735016924786
47.29786693170836
35.86951049793291
6.477008661306203
16.011947643866673
30.165858185229972
32.38841154644064
4.020757003613639
46.19660737881194
5.694800423935089
23.953631906214568
35.16067960576543
40.10604346349524
46.54952254727555
16.71546252276897
36.20922826273505
40.7932594652401
15.351925003966482
44.35357203332904
3.5071443690338038
27.457182104283305
24.80927592109411
9.82876448626043
29.32071181724888
8.993275389950416
46.05711552718711
25.032108219582465
4.137747565726731
7.807442791414934
5.92904961430213
42.79053445350095
7.012823092990212
6.950572503241132
38.14868240674689
21.539623108124484
32.41941294227106
15.939391979608818
32.73537532010116
40.54964149001349
36.21459191830069
40.90959068877654
22.30705392828442
45.73937782257102
18.64570620672157
31.76065034803219
43.487245378248964
4.4010805744896935
25.184818674147017
43.805108360663226
25.09218754020989
32.91677048037637
35.5739303753269
16.786842912305808
18.878317490360047
16.451064170937627
31.32657576171857
35.78460738137933
20.105544561413257
30.445459703584532
35.17967387590853
22.823573411860156
14.842337225861302
38.48542669713541
9.911531267218503
32.859438716192855
48.0370531765934
7.057309091006259
36.088389488018656
42.405868282272394
34.16791295792683
49.2371956196357
26.216273807966093
37.26722319005655
42.410496685059776
36.706931794174665
4.340905734141495
15.132727541215115
33.39487767795061
43.347389676102594
33.402671360908286
20.514152399882352
13.530386191188473
20.145749128346697
22.90790920933672
18.139038878505996
7.037947685345177
19.17716675739753
49.12492327960933
6.981700283893287
24.301087841256532
19.202398415773047
2.199108303122807
45.38449391163239
46.29057493612548
9.926326225702418
23.073495085540237
49.72189472311032
11.57579889479345
10.482498828938649
13.551436328126123
29.061066519628792
23.38734833169739
20.062479658550867
21.585072458462022
49.39919817985631
17.70466049826402
28.093836525632035
49.640746037169585
12.750525622202348
42.90736411034254
4.261325819394534
43.56487358664319
12.577984840257526
44.08193725052405
31.716184869658154
43.34960256366972
17.803284092304516
17.824509139350805
14.040872678170626
46.014952728550576
14.950718872805462
42.183588580184484
30.012524819024055
14.595204210162192
36.28329592633592
43.883478151866996
39.72122659391306
12.626519626766722
22.51762047606623
31.790803568999998
42.662080701532545
23.06356277190176
2.383933648733829
42.80574039720115
46.69507767999351
8.422908499868829
16.735052422722568
19.647214872882618
33.04572924059012
30.214576847882206
40.030181683784704
1.6883188870765662
42.78997396732113
40.5063415706472
28.85233192504011
27.42101240170923
28.890161764067614
41.800746259961215
44.45983342194506
44.36229187922082
48.851656736470346
9.385475736257016
35.5384546896707
12.767297205651433
3.8481769529225476
21.039936349682534
29.35100399620078
3.674330119843006
14.139105398870841
49.34790760509247
14.321518374044187
5.9853315974023555
12.417656364731672
32.433966190841964
25.171213470103986
12.280936228332827
8.424414731595519
42.2893768542416
33.25007714393546
43.708537282062046
24.304674313546066
20.36914405173301
39.69528464647028
23.5964336254097
19.295298148537128
20.329399956083044
9.251803901825955
48.391747968091984
2.4147388195253754
45.27813442554728
30.22518962931929
8.930035935691423
24.511477105623992
37.50373793158833
18.206322521045223
20.260588251349606
15.293805533693217
15.136042424300609
8.101912626558676
14.402143938600265
39.67302363669405
45.60020236556815
34.11291947266851
38.91126968183482
33.773679431860735
13.849163966062475
5.6831452537030716
25.07098119734758
30.774522725235045
2.8955231408446385
29.903998059490494
47.17815578832485
36.16308822858774
37.375568980357144
22.989482075010336
28.848920470513423
23.174210709279173
26.722770954642037
4.117909933218272
12.872846415685197
1.9230583489014357
38.474851187927364
33.39387872691679
31.998712838385103
18.376792685308907
33.384039814524954
41.676849628205204
31.925575544215505
41.3073370060904
2.182961333686775
33.15279187606749
44.345734200412345
8.207036036984615
43.03212987613445
34.03522161211206
9.97163347109518
29.464863150210146
13.658743884487103
4.958243428970929
4.523384590764169
25.026794470041057
28.554205811165268
9.923928611608435
39.34892453660325
32.7373249548228
49.72296348210203
20.969684394190182
46.72136242700005
41.087827134704774
30.003014097433972
23.98318306909733
35.682233929118745
20.39673099679714
13.52090203476802
11.654053233173357
40.18872954759943
14.700744800917038
34.332581817960936
16.5244540800131
21.601513622456903
25.971367756682465
42.61316741087554
29.45787567841527
44.446483897244356
28.208910666824504
21.6825371329191
4.463967823865357
37.33014880447384
2.104472660049555
37.317429050517056
11.962387483700757
48.63520018013819
26.645801286541968
5.396721005264027
5.739049173510953
29.056118087207924
9.369781325518781
36.938429842698284
36.79360685231336
4.40839309015464
11.517344185341443
46.04947373815979
37.77212797755133
27.39470828016018
1.129400983771641
35.913824699592446
46.269296550853966
36.46878213590211
17.34528823209525
35.90444822498015
36.098390274881105
28.001466281518663
42.67635341263789
28.76537534793256
48.99644102561681
8.957462253501355
29.158669058318534
35.011971802153326
39.320880598251506
19.539645767704545
7.7511658914530095
1.3930953220486726
11.956077249817724
6.321177921726552
49.808227785190475
37.396415772849885
31.886521880839798
4.969869496328113
36.0771479650038
46.86215096719878
12.745239792519568
16.64076943464824
23.9426968693956
19.343637597497022
46.21264690897514
43.71492303244561
47.83564565722173
35.93947844731069
31.301723094990187
6.05433977990416
35.60870423743463
19.77329869620588
34.45141347189609
2.2079469334329787
6.08178988719925
12.892897272621449
40.78276224132298
5.715061478868412
24.030553894738148
41.31512726453194
47.27284037588323
46.4569782832875
8.920951058420929
10.192644806647504
33.123747890330336
17.78108035208094
40.74235787774022
9.57343368615998
3.340934554061911
12.413157006360974
9.190546519713154
48.28422123804376
42.88401055259775
30.72108524245666
39.86571538930107
28.908082979127556
24.11121176159818
27.115347031412675
35.23416500856861
5.346824658666986
37.38605030287506
29.492777341715378
37.88534952422758
28.562533745891933
27.740204231205947
29.949380926865445
43.62767577325233
7.172734651126672
43.082758318287354
33.86349294144817
2.675410424430689
39.03984503416277
16.46985484297734
46.502502685200994
32.60858040307191
23.130119191702683
44.56113097443812
49.89544374793023
34.98918203667008
41.27547521790055
19.157523775994136
1.593771611827607
35.50462216880447
42.42341818563239
6.898297209620711
3.8976566314356553
22.085673713024093
43.084853355673204
22.2106197541437
31.023611605930896
38.39786676084355
34.20052646141238
25.608322226789156
5.889123042547392
12.081664525231208
47.98470868148946
45.205449326269346
42.4109274838056
18.2812437821777
31.47841885796148
28.458684122648577
27.652678728439586
27.27453275324402
13.090055521137115
13.2445598900629
15.561187464273992
8.152205419582693
35.39027884060351
23.171540710738327
49.23366058158218
36.35924988746855
40.54522809620212
48.85862544251146
6.351759600615694
49.45986229700609
13.21046759980613
28.091803628813597
47.87449738805028
38.53538634646344
30.28837534327596
43.061500976231336
34.91409872715668
11.533239223868994
33.19212316480562
3.143437112678402
11.97159086348372
20.658577852612815
33.46298008582254
25.40801580903224
13.423627483145205
2.526625366143901
21.889658834301606
49.90453476495426
38.02679997024196
47.694749553082616
17.115940212677145
12.321918096999887
44.22938859466956
20.627185567721416
20.01334153904757
31.63590398265874
34.92296250229778
16.152893509072804
21.82501382643873
37.21513423366316
10.513665534050626
14.203227672357919
17.71525801245305
33.877412931362294
9.515877630721075
35.69075023408319
15.467784009529078
20.25251475813415
24.39747317187291
13.870206636322363
47.90465311936615
23.488678144257648
15.026194522487852
25.913113205061123
23.72398011407879
13.549324495973705
47.439888861071836
35.74348450707772
12.72941616611393
36.17840348074798
2.2663288076271417
34.62997856731375
35.02367761628423
3.417823595554292
26.456858161479566
15.29056521128118
48.59053629483089
8.883789536928637
6.6440379979520365
5.396661153817649
47.04816412509266
19.117000457446807
3.6696139646736317
12.401546907386072
42.12555648825362
26.886734060836837
21.156563939769033
7.650532639714867
29.66651843918451
6.643479603533449
40.99989444419291
6.4797307324769875
49.64186302937689
35.8234201246936
10.758284817637652
48.33032559985706
10.956870804154029
9.321907558961417
23.004512501165333
12.29636597705573
7.693776262317499
40.52391812526799
39.39242539127817
4.570842414542111
40.10700218014847
23.380131811984025
23.258971371738212
42.44808350104386
9.350687022549772
27.324454888114158
43.98624004848224
31.92121245502115
29.23119369794768
11.803688357219961
22.86112899576089
20.43928575421688
30.319822951978306
48.272963130765355
36.73060712828059
49.57068365359152
48.09113368879671
31.11729718938252
8.976421822222655
14.7745531432885
22.397017864592563
26.014032782053892
48.98415308739522
30.569651986935096
18.067231183024678
9.01106654128041
15.005331447807169
43.48256433192585
6.116637120561375
14.757023148092546
7.318650343309949
41.51672798911612
23.491112844987367
3.412292217954751
45.467159787629484
4.288364295605226
43.20562036511848
28.593566684017578
10.150697431831501
37.824218532264695
23.37212725008781
40.527432121773366
34.13568459956552
17.82205379281995
39.378536368821116
6.732064017696028
10.39335807117623
22.008109493320767
32.00413902181965
14.094843948002804
9.900087189930105
6.162933594959644
11.550741613585956
27.68299395702928
26.171408531187286
39.648597831311555
46.38576957667749
28.59377136481274
29.822196756649262
32.40061317283734
23.30195749490261
24.539835135918615
47.759388414285695
12.570794422052069
6.551109391366747
25.253120215907092
6.912603887062118
4.4597403832589
45.44197789168962
24.476133317050092
17.34947501916291
5.416293881029005
23.72263394078734
19.54269517448356
23.471460690123994
6.242773661085576
47.70893489386209
46.10188189876911
41.51843680952529
35.1862458435935
12.520101729593527
28.42252725534491
4.415423897446148
27.380457581202478
21.967370234548646
25.690083214898237
35.754847003722915
29.060605900702452
19.51526106778744
2.735595720110765
5.1261118166699315
30.674615303122735
22.77406795049631
2.991321361063461
37.04538403389975
45.532394310633016
14.583713168136166
33.95033259864376
3.070771949148423
38.12368103075181
33.73023015854852
1.793723332330088
7.298988784176581
47.49461435260384
7.574072422599897
34.4564624735732
9.321736269355785
32.67208090139574
16.14961429894023
47.28995423407225
48.2625036591752
13.242518854810626
45.1568793993147
30.492427471377443
26.610306659175066
28.938667960621572
19.267611653919122
10.199346079600831
36.33409960796507
36.784759996543876
23.039330699072522
9.197388135991481
29.392543748108857
41.704139133835156
31.81292361515436
12.452446005922242
2.276510777397217
26.2300367017148
8.227052981254355
43.30704785272034
18.20722161376513
13.454002356973097
44.91743060098607
17.16191791467815
46.307305493679685
12.358907180749803
10.247339345199869
40.311067857797916
26.294351800520694
49.686501256873576
46.75243336563479
29.792773911338685
33.638546939090936
11.127917177108642
18.461030406941465
31.46367847849352
46.47970124670143
40.17487764332103
33.445430493354806
43.38608654947325
25.063945629123015
